{
 "cells": [
  {
   "cell_type": "code",
   "execution_count": 2,
   "metadata": {},
   "outputs": [
    {
     "name": "stdout",
     "output_type": "stream",
     "text": [
      "Jupyter environment detected. Enabling Open3D WebVisualizer.\n",
      "[Open3D INFO] WebRTC GUI backend enabled.\n",
      "[Open3D INFO] WebRTCWindowSystem: HTTP handshake server disabled.\n"
     ]
    }
   ],
   "source": [
    "import cv2\n",
    "import numpy as np\n",
    "import open3d as o3d\n",
    "import matplotlib.pyplot as plt\n",
    "from natsort import natsorted\n",
    "import os\n",
    "import time\n",
    "import sys\n",
    "import copy\n",
    "sys.path.append('../')\n",
    "sys.path.insert(0, '../optical_tracking')\n",
    "sys.path.insert(0, '../util')\n",
    "from phantom_registration import manual_registration, draw_registration_result\n",
    "from Solver import solver\n",
    "sol = solver()"
   ]
  },
  {
   "cell_type": "code",
   "execution_count": 43,
   "metadata": {},
   "outputs": [],
   "source": [
    "pcd_target = o3d.io.read_point_cloud('/home/shc/Documents/phacon_data/phacon_0314/phacon_0314_ds.ply')\n",
    "o3d.visualization.draw_geometries([pcd_target])\n",
    "# pcd_target = pcd_target.voxel_down_sample(voxel_size=0.001)\n",
    "# o3d.io.write_point_cloud('/home/shc/Documents/phacon_data/phacon_0314/phacon_0314_ds.ply', pcd_target)"
   ]
  },
  {
   "cell_type": "code",
   "execution_count": 56,
   "metadata": {},
   "outputs": [
    {
     "ename": "FileNotFoundError",
     "evalue": "[Errno 2] No such file or directory: '/home/shc/Desktop/data/0308/opti_2/disp/150.npy'",
     "output_type": "error",
     "traceback": [
      "\u001b[0;31m---------------------------------------------------------------------------\u001b[0m",
      "\u001b[0;31mFileNotFoundError\u001b[0m                         Traceback (most recent call last)",
      "\u001b[1;32m/home/shc/Twin-S/post_optimization/data_preparation.ipynb Cell 2\u001b[0m in \u001b[0;36m<cell line: 3>\u001b[0;34m()\u001b[0m\n\u001b[1;32m      <a href='vscode-notebook-cell:/home/shc/Twin-S/post_optimization/data_preparation.ipynb#W1sZmlsZQ%3D%3D?line=0'>1</a>\u001b[0m \u001b[39m#test\u001b[39;00m\n\u001b[1;32m      <a href='vscode-notebook-cell:/home/shc/Twin-S/post_optimization/data_preparation.ipynb#W1sZmlsZQ%3D%3D?line=1'>2</a>\u001b[0m depth_threshold \u001b[39m=\u001b[39m \u001b[39m0.3\u001b[39m\u001b[39m# meters\u001b[39;00m\n\u001b[0;32m----> <a href='vscode-notebook-cell:/home/shc/Twin-S/post_optimization/data_preparation.ipynb#W1sZmlsZQ%3D%3D?line=2'>3</a>\u001b[0m disp \u001b[39m=\u001b[39m np\u001b[39m.\u001b[39;49mload(\u001b[39m'\u001b[39;49m\u001b[39m/home/shc/Desktop/data/0308/opti_2/disp/150.npy\u001b[39;49m\u001b[39m'\u001b[39;49m)\n\u001b[1;32m      <a href='vscode-notebook-cell:/home/shc/Twin-S/post_optimization/data_preparation.ipynb#W1sZmlsZQ%3D%3D?line=3'>4</a>\u001b[0m Q \u001b[39m=\u001b[39m np\u001b[39m.\u001b[39mload(\u001b[39m'\u001b[39m\u001b[39m../params/Q.npy\u001b[39m\u001b[39m'\u001b[39m)\n\u001b[1;32m      <a href='vscode-notebook-cell:/home/shc/Twin-S/post_optimization/data_preparation.ipynb#W1sZmlsZQ%3D%3D?line=4'>5</a>\u001b[0m disp \u001b[39m=\u001b[39m cv2\u001b[39m.\u001b[39mflip(disp, \u001b[39m1\u001b[39m)\n",
      "File \u001b[0;32m~/.local/lib/python3.8/site-packages/numpy/lib/npyio.py:390\u001b[0m, in \u001b[0;36mload\u001b[0;34m(file, mmap_mode, allow_pickle, fix_imports, encoding)\u001b[0m\n\u001b[1;32m    388\u001b[0m     own_fid \u001b[39m=\u001b[39m \u001b[39mFalse\u001b[39;00m\n\u001b[1;32m    389\u001b[0m \u001b[39melse\u001b[39;00m:\n\u001b[0;32m--> 390\u001b[0m     fid \u001b[39m=\u001b[39m stack\u001b[39m.\u001b[39menter_context(\u001b[39mopen\u001b[39;49m(os_fspath(file), \u001b[39m\"\u001b[39;49m\u001b[39mrb\u001b[39;49m\u001b[39m\"\u001b[39;49m))\n\u001b[1;32m    391\u001b[0m     own_fid \u001b[39m=\u001b[39m \u001b[39mTrue\u001b[39;00m\n\u001b[1;32m    393\u001b[0m \u001b[39m# Code to distinguish from NumPy binary files and pickles.\u001b[39;00m\n",
      "\u001b[0;31mFileNotFoundError\u001b[0m: [Errno 2] No such file or directory: '/home/shc/Desktop/data/0308/opti_2/disp/150.npy'"
     ]
    }
   ],
   "source": [
    "#test\n",
    "depth_threshold = 0.3# meters\n",
    "disp = np.load('/home/shc/Desktop/data/0308/opti_3/disp/150.npy')\n",
    "Q = np.load('../params/Q.npy')\n",
    "disp = cv2.flip(disp, 1)\n",
    "\n",
    "point_cloud = cv2.reprojectImageTo3D(disp, Q)\n",
    "point_cloud = point_cloud.reshape(-1, 3)\n",
    "\n",
    "# Filter out the points beyond the depth threshold\n",
    "filtered_point_cloud = point_cloud[abs(point_cloud[:, 2]) < abs(depth_threshold)]\n",
    "\n",
    "pcd = o3d.geometry.PointCloud()\n",
    "pcd.points = o3d.utility.Vector3dVector(filtered_point_cloud)\n",
    "o3d.visualization.draw_geometries([pcd])"
   ]
  },
  {
   "cell_type": "code",
   "execution_count": 124,
   "metadata": {},
   "outputs": [],
   "source": [
    "# pcd = o3d.io.read_point_cloud('../data/phantom_point-cloud_data/phacon_exp_3.ply')\n",
    "pcd_ = o3d.io.read_point_cloud('/home/shc/Desktop/data/0308/opti_3/zed_pointcloud/30.ply')\n",
    "pcd_c = o3d.io.read_point_cloud('/home/shc/Desktop/data/0308/opti_3/cres_pointcloud/30.ply')\n",
    "\n",
    "o3d.visualization.draw_geometries([pcd_, pcd_c])"
   ]
  },
  {
   "attachments": {},
   "cell_type": "markdown",
   "metadata": {},
   "source": [
    "Path of data"
   ]
  },
  {
   "cell_type": "code",
   "execution_count": 4,
   "metadata": {},
   "outputs": [],
   "source": [
    "# disparity_dir = '../../optimization_data/disp'\n",
    "# save_dir = '../../optimization_data/pointcloud'\n",
    "\n",
    "opti_dir = '/home/shc/Desktop/data/0308/opti_3/'\n",
    "disparity_dir = os.path.join(opti_dir, 'disp')\n",
    "save_dir = os.path.join(opti_dir, '/cres_pointcloud')\n",
    "Q = np.load('../params/Q.npy')"
   ]
  },
  {
   "attachments": {},
   "cell_type": "markdown",
   "metadata": {},
   "source": [
    "**Generate cres pointcloud from the disparity maps and filter the pointcloud by depth.**"
   ]
  },
  {
   "cell_type": "code",
   "execution_count": null,
   "metadata": {},
   "outputs": [],
   "source": [
    "\n",
    "count = 0\n",
    "start = time.time()\n",
    "# Define the depth threshold\n",
    "depth_threshold = 300 /1000 # meters\n",
    "\n",
    "# Sequence of images from the left/right dir\n",
    "disparities = natsorted([os.path.join(disparity_dir, f) for f in os.listdir(disparity_dir) if \".npy\" in f])\n",
    "\n",
    "for disp_map in disparities:\n",
    "    disp = np.load(disp_map)\n",
    "    disp = cv2.flip(disp, 1)\n",
    "    point_cloud = cv2.reprojectImageTo3D(disp, Q)\n",
    "    point_cloud = point_cloud.reshape(-1, 3)\n",
    "\n",
    "    # Filter out the points beyond the depth threshold\n",
    "    filtered_point_cloud = point_cloud[abs(point_cloud[:, 2]) < abs(depth_threshold)]\n",
    "\n",
    "    pcd = o3d.geometry.PointCloud()\n",
    "    pcd.points = o3d.utility.Vector3dVector(filtered_point_cloud)\n",
    "    \n",
    "    # # Radius outlier removal:\n",
    "    # pcd_rad, ind_rad = pcd.remove_radius_outlier(nb_points=16, radius=0.05)\n",
    "    # outlier_rad_pcd = pcd.select_by_index(ind_rad, invert=True)\n",
    "    # outlier_rad_pcd.paint_uniform_color([1., 0., 1.])\n",
    "\n",
    "    # Statistical outlier removal:\n",
    "    pcd_stat, ind_stat = pcd.remove_statistical_outlier(nb_neighbors=20,\n",
    "                                                 std_ratio=2.0)\n",
    "    \n",
    "    outlier_stat_pcd = pcd.select_by_index(ind_stat, invert=True)\n",
    "    outlier_stat_pcd.paint_uniform_color([0., 0., 1.])\n",
    "\n",
    "    # o3d.visualization.draw_geometries([pcd_stat])\n",
    "\n",
    "    save_path = os.path.join(save_dir, f'{count}.ply')\n",
    "    o3d.io.write_point_cloud(save_path, pcd_stat)\n",
    "    print('Finished saving: '+f'{count}.ply')\n",
    "    \n",
    "    count += 1\n",
    "end = time.time()\n",
    "print(f'Done with pointcloud saving in {end - start}s')"
   ]
  },
  {
   "attachments": {},
   "cell_type": "markdown",
   "metadata": {},
   "source": [
    "Filter ZED pointcloud"
   ]
  },
  {
   "cell_type": "code",
   "execution_count": 26,
   "metadata": {},
   "outputs": [
    {
     "name": "stdout",
     "output_type": "stream",
     "text": [
      "Finished saving: 0.ply\n",
      "Finished saving: 1.ply\n",
      "Finished saving: 2.ply\n",
      "Finished saving: 3.ply\n",
      "Finished saving: 4.ply\n",
      "Finished saving: 5.ply\n",
      "Finished saving: 6.ply\n",
      "Finished saving: 7.ply\n",
      "Finished saving: 8.ply\n",
      "Finished saving: 9.ply\n",
      "Finished saving: 10.ply\n",
      "Finished saving: 11.ply\n",
      "Finished saving: 12.ply\n",
      "Finished saving: 13.ply\n",
      "Finished saving: 14.ply\n",
      "Finished saving: 15.ply\n",
      "Finished saving: 16.ply\n",
      "Finished saving: 17.ply\n",
      "Finished saving: 18.ply\n",
      "Finished saving: 19.ply\n",
      "Finished saving: 20.ply\n",
      "Finished saving: 21.ply\n",
      "Finished saving: 22.ply\n",
      "Finished saving: 23.ply\n",
      "Finished saving: 24.ply\n",
      "Finished saving: 25.ply\n",
      "Finished saving: 26.ply\n",
      "Finished saving: 27.ply\n",
      "Finished saving: 28.ply\n",
      "Finished saving: 29.ply\n",
      "Finished saving: 30.ply\n",
      "Finished saving: 31.ply\n",
      "Finished saving: 32.ply\n",
      "Finished saving: 33.ply\n",
      "Finished saving: 34.ply\n",
      "Finished saving: 35.ply\n",
      "Finished saving: 36.ply\n",
      "Finished saving: 37.ply\n",
      "Finished saving: 38.ply\n",
      "Finished saving: 39.ply\n",
      "Finished saving: 40.ply\n",
      "Finished saving: 41.ply\n",
      "Finished saving: 42.ply\n",
      "Finished saving: 43.ply\n",
      "Finished saving: 44.ply\n",
      "Finished saving: 45.ply\n",
      "Finished saving: 46.ply\n",
      "Finished saving: 47.ply\n",
      "Finished saving: 48.ply\n",
      "Finished saving: 49.ply\n",
      "Finished saving: 50.ply\n",
      "Finished saving: 51.ply\n",
      "Finished saving: 52.ply\n",
      "Finished saving: 53.ply\n",
      "Finished saving: 54.ply\n",
      "Finished saving: 55.ply\n",
      "Finished saving: 56.ply\n",
      "Finished saving: 57.ply\n",
      "Finished saving: 58.ply\n",
      "Finished saving: 59.ply\n",
      "Finished saving: 60.ply\n",
      "Finished saving: 61.ply\n",
      "Finished saving: 62.ply\n",
      "Finished saving: 63.ply\n",
      "Finished saving: 64.ply\n",
      "Finished saving: 65.ply\n",
      "Finished saving: 66.ply\n",
      "Finished saving: 67.ply\n",
      "Finished saving: 68.ply\n",
      "Finished saving: 69.ply\n",
      "Finished saving: 70.ply\n",
      "Finished saving: 71.ply\n",
      "Finished saving: 72.ply\n",
      "Finished saving: 73.ply\n",
      "Finished saving: 74.ply\n",
      "Finished saving: 75.ply\n",
      "Finished saving: 76.ply\n",
      "Finished saving: 77.ply\n",
      "Finished saving: 78.ply\n",
      "Finished saving: 79.ply\n",
      "Finished saving: 80.ply\n",
      "Finished saving: 81.ply\n",
      "Finished saving: 82.ply\n",
      "Finished saving: 83.ply\n",
      "Finished saving: 84.ply\n",
      "Finished saving: 85.ply\n",
      "Finished saving: 86.ply\n",
      "Finished saving: 87.ply\n",
      "Finished saving: 88.ply\n",
      "Finished saving: 89.ply\n",
      "Finished saving: 90.ply\n",
      "Finished saving: 91.ply\n",
      "Finished saving: 92.ply\n",
      "Finished saving: 93.ply\n",
      "Finished saving: 94.ply\n",
      "Finished saving: 95.ply\n",
      "Finished saving: 96.ply\n",
      "Finished saving: 97.ply\n",
      "Finished saving: 98.ply\n",
      "Finished saving: 99.ply\n",
      "Finished saving: 100.ply\n",
      "Finished saving: 101.ply\n",
      "Finished saving: 102.ply\n",
      "Finished saving: 103.ply\n",
      "Finished saving: 104.ply\n",
      "Finished saving: 105.ply\n",
      "Finished saving: 106.ply\n",
      "Finished saving: 107.ply\n",
      "Finished saving: 108.ply\n",
      "Finished saving: 109.ply\n",
      "Finished saving: 110.ply\n",
      "Finished saving: 111.ply\n",
      "Finished saving: 112.ply\n",
      "Finished saving: 113.ply\n",
      "Finished saving: 114.ply\n",
      "Finished saving: 115.ply\n",
      "Finished saving: 116.ply\n",
      "Finished saving: 117.ply\n",
      "Finished saving: 118.ply\n",
      "Finished saving: 119.ply\n",
      "Finished saving: 120.ply\n",
      "Finished saving: 121.ply\n",
      "Finished saving: 122.ply\n",
      "Finished saving: 123.ply\n",
      "Finished saving: 124.ply\n",
      "Finished saving: 125.ply\n",
      "Finished saving: 126.ply\n",
      "Finished saving: 127.ply\n",
      "Finished saving: 128.ply\n",
      "Finished saving: 129.ply\n",
      "Finished saving: 130.ply\n",
      "Finished saving: 131.ply\n",
      "Finished saving: 132.ply\n",
      "Finished saving: 133.ply\n",
      "Finished saving: 134.ply\n",
      "Finished saving: 135.ply\n",
      "Finished saving: 136.ply\n",
      "Finished saving: 137.ply\n",
      "Finished saving: 138.ply\n",
      "Finished saving: 139.ply\n",
      "Finished saving: 140.ply\n",
      "Finished saving: 141.ply\n",
      "Finished saving: 142.ply\n",
      "Finished saving: 143.ply\n",
      "Finished saving: 144.ply\n",
      "Finished saving: 145.ply\n",
      "Finished saving: 146.ply\n",
      "Finished saving: 147.ply\n",
      "Finished saving: 148.ply\n",
      "Finished saving: 149.ply\n",
      "Finished saving: 150.ply\n",
      "Finished saving: 151.ply\n",
      "Finished saving: 152.ply\n",
      "Finished saving: 153.ply\n",
      "Finished saving: 154.ply\n",
      "Finished saving: 155.ply\n",
      "Finished saving: 156.ply\n",
      "Finished saving: 157.ply\n",
      "Finished saving: 158.ply\n",
      "Finished saving: 159.ply\n",
      "Finished saving: 160.ply\n",
      "Finished saving: 161.ply\n",
      "Finished saving: 162.ply\n",
      "Finished saving: 163.ply\n",
      "Finished saving: 164.ply\n",
      "Finished saving: 165.ply\n",
      "Finished saving: 166.ply\n",
      "Finished saving: 167.ply\n",
      "Finished saving: 168.ply\n",
      "Finished saving: 169.ply\n",
      "Finished saving: 170.ply\n",
      "Finished saving: 171.ply\n",
      "Finished saving: 172.ply\n",
      "Finished saving: 173.ply\n",
      "Finished saving: 174.ply\n",
      "Finished saving: 175.ply\n",
      "Finished saving: 176.ply\n",
      "Finished saving: 177.ply\n",
      "Finished saving: 178.ply\n",
      "Finished saving: 179.ply\n",
      "Finished saving: 180.ply\n",
      "Finished saving: 181.ply\n",
      "Finished saving: 182.ply\n",
      "Finished saving: 183.ply\n",
      "Finished saving: 184.ply\n",
      "Finished saving: 185.ply\n",
      "Finished saving: 186.ply\n",
      "Finished saving: 187.ply\n",
      "Finished saving: 188.ply\n",
      "Finished saving: 189.ply\n",
      "Finished saving: 190.ply\n",
      "Finished saving: 191.ply\n",
      "Finished saving: 192.ply\n",
      "Finished saving: 193.ply\n",
      "Finished saving: 194.ply\n",
      "Finished saving: 195.ply\n",
      "Finished saving: 196.ply\n",
      "Finished saving: 197.ply\n",
      "Finished saving: 198.ply\n",
      "Finished saving: 199.ply\n",
      "Finished saving: 200.ply\n",
      "Finished saving: 201.ply\n",
      "Finished saving: 202.ply\n",
      "Finished saving: 203.ply\n",
      "Finished saving: 204.ply\n",
      "Finished saving: 205.ply\n",
      "Finished saving: 206.ply\n",
      "Finished saving: 207.ply\n",
      "Finished saving: 208.ply\n",
      "Finished saving: 209.ply\n",
      "Finished saving: 210.ply\n",
      "Finished saving: 211.ply\n",
      "Finished saving: 212.ply\n",
      "Finished saving: 213.ply\n",
      "Finished saving: 214.ply\n",
      "Finished saving: 215.ply\n",
      "Finished saving: 216.ply\n",
      "Finished saving: 217.ply\n",
      "Finished saving: 218.ply\n",
      "Finished saving: 219.ply\n",
      "Finished saving: 220.ply\n",
      "Finished saving: 221.ply\n",
      "Finished saving: 222.ply\n",
      "Finished saving: 223.ply\n",
      "Finished saving: 224.ply\n",
      "Finished saving: 225.ply\n",
      "Finished saving: 226.ply\n",
      "Finished saving: 227.ply\n",
      "Finished saving: 228.ply\n",
      "Finished saving: 229.ply\n",
      "Finished saving: 230.ply\n",
      "Finished saving: 231.ply\n",
      "Finished saving: 232.ply\n",
      "Finished saving: 233.ply\n",
      "Finished saving: 234.ply\n",
      "Finished saving: 235.ply\n",
      "Finished saving: 236.ply\n",
      "Finished saving: 237.ply\n",
      "Finished saving: 238.ply\n",
      "Finished saving: 239.ply\n",
      "Finished saving: 240.ply\n",
      "Finished saving: 241.ply\n",
      "Finished saving: 242.ply\n",
      "Finished saving: 243.ply\n",
      "Finished saving: 244.ply\n",
      "Finished saving: 245.ply\n",
      "Finished saving: 246.ply\n",
      "Finished saving: 247.ply\n",
      "Finished saving: 248.ply\n",
      "Finished saving: 249.ply\n",
      "Finished saving: 250.ply\n",
      "Finished saving: 251.ply\n",
      "Finished saving: 252.ply\n",
      "Finished saving: 253.ply\n",
      "Finished saving: 254.ply\n",
      "Finished saving: 255.ply\n",
      "Finished saving: 256.ply\n",
      "Finished saving: 257.ply\n",
      "Finished saving: 258.ply\n",
      "Finished saving: 259.ply\n",
      "Finished saving: 260.ply\n",
      "Finished saving: 261.ply\n",
      "Finished saving: 262.ply\n",
      "Finished saving: 263.ply\n",
      "Finished saving: 264.ply\n",
      "Finished saving: 265.ply\n",
      "Finished saving: 266.ply\n",
      "Finished saving: 267.ply\n",
      "Finished saving: 268.ply\n",
      "Finished saving: 269.ply\n",
      "Finished saving: 270.ply\n",
      "Finished saving: 271.ply\n",
      "Finished saving: 272.ply\n",
      "Finished saving: 273.ply\n",
      "Finished saving: 274.ply\n",
      "Finished saving: 275.ply\n",
      "Finished saving: 276.ply\n",
      "Finished saving: 277.ply\n",
      "Finished saving: 278.ply\n",
      "Finished saving: 279.ply\n",
      "Finished saving: 280.ply\n",
      "Finished saving: 281.ply\n",
      "Finished saving: 282.ply\n",
      "Finished saving: 283.ply\n",
      "Finished saving: 284.ply\n",
      "Finished saving: 285.ply\n",
      "Finished saving: 286.ply\n",
      "Finished saving: 287.ply\n",
      "Finished saving: 288.ply\n",
      "Finished saving: 289.ply\n",
      "Finished saving: 290.ply\n",
      "Finished saving: 291.ply\n",
      "Finished saving: 292.ply\n",
      "Finished saving: 293.ply\n",
      "Finished saving: 294.ply\n",
      "Finished saving: 295.ply\n",
      "Finished saving: 296.ply\n",
      "Finished saving: 297.ply\n",
      "Finished saving: 298.ply\n",
      "Finished saving: 299.ply\n",
      "Finished saving: 300.ply\n",
      "Finished saving: 301.ply\n",
      "Finished saving: 302.ply\n",
      "Finished saving: 303.ply\n",
      "Finished saving: 304.ply\n",
      "Finished saving: 305.ply\n",
      "Finished saving: 306.ply\n",
      "Finished saving: 307.ply\n",
      "Finished saving: 308.ply\n",
      "Finished saving: 309.ply\n",
      "Finished saving: 310.ply\n",
      "Finished saving: 311.ply\n",
      "Finished saving: 312.ply\n",
      "Finished saving: 313.ply\n",
      "Finished saving: 314.ply\n",
      "Finished saving: 315.ply\n",
      "Finished saving: 316.ply\n",
      "Finished saving: 317.ply\n",
      "Finished saving: 318.ply\n",
      "Finished saving: 319.ply\n",
      "Finished saving: 320.ply\n",
      "Finished saving: 321.ply\n",
      "Finished saving: 322.ply\n",
      "Finished saving: 323.ply\n",
      "Finished saving: 324.ply\n",
      "Finished saving: 325.ply\n",
      "Finished saving: 326.ply\n",
      "Finished saving: 327.ply\n",
      "Finished saving: 328.ply\n",
      "Finished saving: 329.ply\n"
     ]
    }
   ],
   "source": [
    "pointcloud_dir = '/media/shc/Elements/Twin-S_data/0314/opti_2/zed_pointcloud/'\n",
    "save_dir = '/media/shc/Elements/Twin-S_data/0314/opti_2/filtered_zed_pointcloud/'\n",
    "\n",
    "depth_threshold = 0.29\n",
    "\n",
    "pointclouds = natsorted([os.path.join(pointcloud_dir, f) for f in os.listdir(pointcloud_dir) if \".ply\" in f])\n",
    "for [count,pointcloud] in enumerate(pointclouds):\n",
    "    if count < 0:\n",
    "        # count += 1\n",
    "        continue\n",
    "    else:\n",
    "        pcd_zed = o3d.io.read_point_cloud(os.path.join(pointcloud_dir, pointcloud))\n",
    "\n",
    "        # Statistical outlier removal:  \n",
    "        pcd_zed, ind_stat = pcd_zed.remove_statistical_outlier(nb_neighbors=20,\n",
    "                                                    std_ratio=2.0)\n",
    "        np_pcd_zed = np.asarray(pcd_zed.points)\n",
    "\n",
    "        distances = np.sqrt(np.sum(np_pcd_zed**2, axis=1))\n",
    "        # print(np.min(distances))\n",
    "        threshold = np.min(distances) + 0.04\n",
    "        filtered_point_cloud = np_pcd_zed[distances <= threshold]\n",
    "        # filtered_point_cloud = np_pcd_zed[abs(np_pcd_zed[:, 2]) < abs(depth_threshold)]\n",
    "\n",
    "        pcd_zed.points = o3d.utility.Vector3dVector(filtered_point_cloud)\n",
    "        save_path = os.path.join(save_dir, f'{count}.ply')\n",
    "        print('Finished saving: '+f'{count}.ply')\n",
    "        o3d.io.write_point_cloud(save_path, pcd_zed)\n",
    "        # o3d.visualization.draw_geometries([pcd_zed])\n",
    "\n",
    "        # count += 1"
   ]
  },
  {
   "attachments": {},
   "cell_type": "markdown",
   "metadata": {},
   "source": [
    "**Do phantom registration for all pointcloud**"
   ]
  },
  {
   "cell_type": "code",
   "execution_count": 81,
   "metadata": {},
   "outputs": [],
   "source": [
    "def phantom_registration(pointcloud_dir, T_c_p_path):\n",
    "\n",
    "    pcd_source_init = o3d.io.read_point_cloud(os.path.join(pointcloud_dir, \"0.ply\"))\n",
    "    # pcd_target = o3d.io.read_point_cloud(\"../data/phantom_point-cloud_data/phacon_exp_3.ply\")\n",
    "    pcd_target = o3d.io.read_point_cloud(\"/home/shc/Documents/phacon_data/phacon_0314/phacon_0314_ds.ply\")\n",
    "    pcd_target = pcd_target.voxel_down_sample(voxel_size=0.001)\n",
    "    cam2ph_list = []\n",
    "    count = 0\n",
    "\n",
    "    # manual registration to initialize\n",
    "    init_result = manual_registration(pcd_source_init, pcd_target)\n",
    "    # draw_registration_result(pcd_source_init, pcd_target, result.transformation)\n",
    "\n",
    "    pointclouds = natsorted([os.path.join(pointcloud_dir, f) for f in os.listdir(pointcloud_dir) if \".ply\" in f])\n",
    "    # pointclouds = pointclouds[15:]\n",
    "    print(\"Apply point-to-plane ICP\")\n",
    "\n",
    "    loss = o3d.pipelines.registration.TukeyLoss(k=0.005)\n",
    "\n",
    "    for pointcloud in pointclouds:\n",
    "        pcd_source = o3d.io.read_point_cloud(pointcloud)\n",
    "        \n",
    "        threshold = 0.006\n",
    "\n",
    "        trans_init_icp = init_result.transformation\n",
    "\n",
    "        result = o3d.pipelines.registration.registration_icp(\n",
    "            pcd_source, pcd_target, threshold, trans_init_icp,\n",
    "            o3d.pipelines.registration.TransformationEstimationPointToPlane(loss))\n",
    "\n",
    "        # print(f\"Transformation is ({count}):\")\n",
    "        print(result.transformation)\n",
    "        print(count)\n",
    "        # if count % 30 == 0:\n",
    "        #     draw_registration_result(pcd_source, pcd_target, result.transformation)\n",
    "        print(result)\n",
    "        ph2cam = result.transformation\n",
    "        cam2ph = sol.invTransformation(ph2cam)\n",
    "        cam2ph[:3, 3] = cam2ph[:3, 3]*1000\n",
    "        cam2ph_list.append(cam2ph)\n",
    "        \n",
    "        init_result = result\n",
    "        count += 1\n",
    "\n",
    "        if count == 151:\n",
    "            break\n",
    "        # print(T_o_p.shape)\n",
    "        # if count == 10:\n",
    "        #     break\n",
    "    T_c_p = np.array(cam2ph_list)\n",
    "    print(T_c_p.shape)\n",
    "    np.save(f'../data/post_optimization_data/{T_c_p_path}', T_c_p[:150,:,:])\n"
   ]
  },
  {
   "cell_type": "code",
   "execution_count": 82,
   "metadata": {},
   "outputs": [
    {
     "name": "stdout",
     "output_type": "stream",
     "text": [
      "Visualization of two point clouds before manual alignment\n",
      "\n",
      "1) Please pick at least three correspondences using [shift + left click]\n",
      "   Press [shift + right click] to undo point picking\n",
      "2) After picking points, press 'Q' to close the window\n",
      "[Open3D INFO] Picked point #17722 (0.017, -0.031, 0.27) to add in queue.\n",
      "[Open3D INFO] Picked point #23627 (-0.0088, -0.019, 0.28) to add in queue.\n",
      "[Open3D INFO] Picked point #28483 (0.011, -0.0074, 0.27) to add in queue.\n",
      "\n",
      "\n",
      "1) Please pick at least three correspondences using [shift + left click]\n",
      "   Press [shift + right click] to undo point picking\n",
      "2) After picking points, press 'Q' to close the window\n",
      "[Open3D INFO] Picked point #57091 (0.026, 0.04, -0.016) to add in queue.\n",
      "[Open3D INFO] Picked point #3453 (0.026, 0.021, 0.012) to add in queue.\n",
      "[Open3D INFO] Picked point #80052 (0.03, 0.012, -0.012) to add in queue.\n",
      "\n",
      "Compute a rough transform using the correspondences given by user\n",
      "Perform point-to-point ICP refinement\n",
      "\n",
      "Apply point-to-plane ICP\n",
      "[[-0.04973448  0.22305458 -0.97353641  0.2989714 ]\n",
      " [ 0.10466743 -0.96821137 -0.2271816   0.06630075]\n",
      " [-0.99326291 -0.11319632  0.02480694 -0.00662143]\n",
      " [ 0.          0.          0.          1.        ]]\n",
      "0\n",
      "RegistrationResult with fitness=9.985443e-01, inlier_rmse=8.507609e-04, and correspondence_set size of 32925\n",
      "Access transformation to get result.\n",
      "[[-0.04913685  0.22332207 -0.97350543  0.29892375]\n",
      " [ 0.10574368 -0.96804172 -0.22740601  0.0663154 ]\n",
      " [-0.99317866 -0.11411606  0.02395162 -0.00623827]\n",
      " [ 0.          0.          0.          1.        ]]\n",
      "1\n",
      "RegistrationResult with fitness=9.985141e-01, inlier_rmse=8.498661e-04, and correspondence_set size of 32927\n",
      "Access transformation to get result.\n",
      "[[-0.06531518  0.23641643 -0.96945407  0.29839461]\n",
      " [ 0.10420936 -0.96460022 -0.24225366  0.06785674]\n",
      " [-0.99240835 -0.11684903  0.03836623 -0.00911479]\n",
      " [ 0.          0.          0.          1.        ]]\n",
      "2\n",
      "RegistrationResult with fitness=1.000000e+00, inlier_rmse=7.913507e-04, and correspondence_set size of 32873\n",
      "Access transformation to get result.\n",
      "[[-0.0745416   0.24103675 -0.96764913  0.29775794]\n",
      " [ 0.10198517 -0.96341828 -0.24783916  0.06806883]\n",
      " [-0.9919892  -0.11716019  0.04723257 -0.01136793]\n",
      " [ 0.          0.          0.          1.        ]]\n",
      "3\n",
      "RegistrationResult with fitness=9.908997e-01, inlier_rmse=8.656112e-04, and correspondence_set size of 33428\n",
      "Access transformation to get result.\n",
      "[[-0.08821281  0.25292522 -0.96345593  0.29720337]\n",
      " [ 0.09601089 -0.96056416 -0.26095671  0.07082024]\n",
      " [-0.99146377 -0.11552199  0.06045049 -0.01389046]\n",
      " [ 0.          0.          0.          1.        ]]\n",
      "4\n",
      "RegistrationResult with fitness=9.994607e-01, inlier_rmse=8.584496e-04, and correspondence_set size of 33357\n",
      "Access transformation to get result.\n",
      "[[-0.10404574  0.25045435 -0.96252122  0.29852666]\n",
      " [ 0.09073216 -0.96134804 -0.25995696  0.07023089]\n",
      " [-0.99042524 -0.11437905  0.0772999  -0.01753624]\n",
      " [ 0.          0.          0.          1.        ]]\n",
      "5\n",
      "RegistrationResult with fitness=1.000000e+00, inlier_rmse=7.762591e-04, and correspondence_set size of 32524\n",
      "Access transformation to get result.\n",
      "[[-0.11187349  0.25584265 -0.96022334  0.30046862]\n",
      " [ 0.09107092 -0.95958309 -0.26628253  0.07254127]\n",
      " [-0.9895405  -0.11723838  0.08405208 -0.02080663]\n",
      " [ 0.          0.          0.          1.        ]]\n",
      "6\n",
      "RegistrationResult with fitness=9.911321e-01, inlier_rmse=8.334625e-04, and correspondence_set size of 32077\n",
      "Access transformation to get result.\n",
      "[[-0.10743884  0.27274736 -0.95606787  0.30127292]\n",
      " [ 0.09846297 -0.95398752 -0.28321873  0.0788593 ]\n",
      " [-0.98932398 -0.12456598  0.07563979 -0.02280847]\n",
      " [ 0.          0.          0.          1.        ]]\n",
      "7\n",
      "RegistrationResult with fitness=9.954102e-01, inlier_rmse=8.366177e-04, and correspondence_set size of 32314\n",
      "Access transformation to get result.\n",
      "[[-0.09142561  0.27782761 -0.95627045  0.30254372]\n",
      " [ 0.07171884 -0.95596146 -0.28459462  0.07736859]\n",
      " [-0.99322594 -0.09460184  0.06747388 -0.02648313]\n",
      " [ 0.          0.          0.          1.        ]]\n",
      "8\n",
      "RegistrationResult with fitness=9.924900e-01, inlier_rmse=9.824666e-04, and correspondence_set size of 32378\n",
      "Access transformation to get result.\n",
      "[[-0.08438515  0.31950432 -0.94381997  0.29805209]\n",
      " [ 0.09625619 -0.94015476 -0.32686965  0.08787158]\n",
      " [-0.99177311 -0.11843146  0.04858083 -0.02826584]\n",
      " [ 0.          0.          0.          1.        ]]\n",
      "9\n",
      "RegistrationResult with fitness=1.000000e+00, inlier_rmse=8.876322e-04, and correspondence_set size of 32415\n",
      "Access transformation to get result.\n",
      "[[-0.07671923  0.31787278 -0.94502437  0.29685334]\n",
      " [ 0.08332352 -0.94245826 -0.32377403  0.08802611]\n",
      " [-0.99356497 -0.10358245  0.04581839 -0.02967119]\n",
      " [ 0.          0.          0.          1.        ]]\n",
      "10\n",
      "RegistrationResult with fitness=9.968975e-01, inlier_rmse=8.924063e-04, and correspondence_set size of 32453\n",
      "Access transformation to get result.\n",
      "[[-0.06647834  0.33498622 -0.93987492  0.29482295]\n",
      " [ 0.08661061 -0.93646594 -0.33989727  0.09334453]\n",
      " [-0.99402175 -0.10399895  0.03324134 -0.02789499]\n",
      " [ 0.          0.          0.          1.        ]]\n",
      "11\n",
      "RegistrationResult with fitness=9.993041e-01, inlier_rmse=8.609024e-04, and correspondence_set size of 33028\n",
      "Access transformation to get result.\n",
      "[[-0.05789001  0.33197474 -0.94151023  0.29375344]\n",
      " [ 0.08743605 -0.93778175 -0.33603621  0.09482417]\n",
      " [-0.99448664 -0.10177507  0.02526164 -0.02818281]\n",
      " [ 0.          0.          0.          1.        ]]\n",
      "12\n",
      "RegistrationResult with fitness=9.991866e-01, inlier_rmse=8.218570e-04, and correspondence_set size of 33168\n",
      "Access transformation to get result.\n",
      "[[-0.0489993   0.34490815 -0.93735662  0.29188808]\n",
      " [ 0.09300267 -0.93283103 -0.34810454  0.10041575]\n",
      " [-0.99445944 -0.10423355  0.01363069 -0.02812503]\n",
      " [ 0.          0.          0.          1.        ]]\n",
      "13\n",
      "RegistrationResult with fitness=9.995596e-01, inlier_rmse=8.664777e-04, and correspondence_set size of 34044\n",
      "Access transformation to get result.\n",
      "[[-0.0272128   0.33384762 -0.94223417  0.29186909]\n",
      " [ 0.08737648 -0.93818113 -0.3349351   0.10054754]\n",
      " [-0.9958036  -0.09144362 -0.0036399  -0.02644574]\n",
      " [ 0.          0.          0.          1.        ]]\n",
      "14\n",
      "RegistrationResult with fitness=9.997943e-01, inlier_rmse=8.083568e-04, and correspondence_set size of 34028\n",
      "Access transformation to get result.\n",
      "[[-0.00875695  0.33367936 -0.94264596  0.29119235]\n",
      " [ 0.09899854 -0.9377616  -0.33287006  0.10539213]\n",
      " [-0.99504905 -0.0962355  -0.02482184 -0.02407684]\n",
      " [ 0.          0.          0.          1.        ]]\n",
      "15\n",
      "RegistrationResult with fitness=1.000000e+00, inlier_rmse=8.101482e-04, and correspondence_set size of 33969\n",
      "Access transformation to get result.\n",
      "[[ 0.00645936  0.33816556 -0.94106447  0.29052455]\n",
      " [ 0.11131155 -0.9354787  -0.33539432  0.11036354]\n",
      " [-0.99376457 -0.10258491 -0.04368433 -0.02293263]\n",
      " [ 0.          0.          0.          1.        ]]\n",
      "16\n",
      "RegistrationResult with fitness=1.000000e+00, inlier_rmse=7.962760e-04, and correspondence_set size of 33682\n",
      "Access transformation to get result.\n",
      "[[ 0.02778998  0.34990185 -0.93637408  0.28864787]\n",
      " [ 0.11386719 -0.93174666 -0.34479331  0.11464426]\n",
      " [-0.99310723 -0.09704049 -0.06573556 -0.02106096]\n",
      " [ 0.          0.          0.          1.        ]]\n",
      "17\n",
      "RegistrationResult with fitness=9.999424e-01, inlier_rmse=9.084956e-04, and correspondence_set size of 34694\n",
      "Access transformation to get result.\n",
      "[[ 0.03999206  0.33776727 -0.94037966  0.28842014]\n",
      " [ 0.11449055 -0.93648307 -0.33149868  0.11237359]\n",
      " [-0.99261903 -0.09440727 -0.07612305 -0.01917267]\n",
      " [ 0.          0.          0.          1.        ]]\n",
      "18\n",
      "RegistrationResult with fitness=9.959097e-01, inlier_rmse=9.096352e-04, and correspondence_set size of 35061\n",
      "Access transformation to get result.\n",
      "[[ 0.05203561  0.34705475 -0.93640018  0.28642299]\n",
      " [ 0.12460372 -0.93259929 -0.33872183  0.11667502]\n",
      " [-0.99084116 -0.09905335 -0.09177269 -0.01596845]\n",
      " [ 0.          0.          0.          1.        ]]\n",
      "19\n",
      "RegistrationResult with fitness=9.999712e-01, inlier_rmse=8.097070e-04, and correspondence_set size of 34729\n",
      "Access transformation to get result.\n",
      "[[ 0.06635632  0.33754374 -0.93896808  0.28681434]\n",
      " [ 0.12653665 -0.93629112 -0.32763915  0.11434462]\n",
      " [-0.98974002 -0.09707295 -0.10484049 -0.01250819]\n",
      " [ 0.          0.          0.          1.        ]]\n",
      "20\n",
      "RegistrationResult with fitness=9.997670e-01, inlier_rmse=8.089645e-04, and correspondence_set size of 34329\n",
      "Access transformation to get result.\n",
      "[[ 0.08373723  0.34549002 -0.93467894  0.28611267]\n",
      " [ 0.12306759 -0.93437802 -0.33435325  0.11515506]\n",
      " [-0.98885916 -0.08703087 -0.12076085 -0.00965683]\n",
      " [ 0.          0.          0.          1.        ]]\n",
      "21\n",
      "RegistrationResult with fitness=9.850078e-01, inlier_rmse=9.017426e-04, and correspondence_set size of 35413\n",
      "Access transformation to get result.\n",
      "[[ 0.09633585  0.33453772 -0.93744542  0.28506914]\n",
      " [ 0.12582244 -0.93836365 -0.32193535  0.11275076]\n",
      " [-0.98736423 -0.08693775 -0.13249041 -0.00611939]\n",
      " [ 0.          0.          0.          1.        ]]\n",
      "22\n",
      "RegistrationResult with fitness=9.952441e-01, inlier_rmse=8.366507e-04, and correspondence_set size of 35366\n",
      "Access transformation to get result.\n",
      "[[ 0.11384866  0.33875938 -0.93395962  0.28395993]\n",
      " [ 0.13393413 -0.93672362 -0.32343549  0.11335419]\n",
      " [-0.98442883 -0.08826637 -0.15201617 -0.00124193]\n",
      " [ 0.          0.          0.          1.        ]]\n",
      "23\n",
      "RegistrationResult with fitness=9.947783e-01, inlier_rmse=8.133629e-04, and correspondence_set size of 35244\n",
      "Access transformation to get result.\n",
      "[[ 0.12667276  0.33237724 -0.93460119  0.28359769]\n",
      " [ 0.13502392 -0.93919896 -0.31571168  0.1112553 ]\n",
      " [-0.98271184 -0.08620145 -0.1638498   0.00172202]\n",
      " [ 0.          0.          0.          1.        ]]\n",
      "24\n",
      "RegistrationResult with fitness=9.929522e-01, inlier_rmse=8.878206e-04, and correspondence_set size of 35363\n",
      "Access transformation to get result.\n",
      "[[ 0.14761889  0.32672246 -0.93352081  0.28319152]\n",
      " [ 0.1395317  -0.94130109 -0.30738115  0.10943152]\n",
      " [-0.97915247 -0.08488049 -0.18454196  0.0068682 ]\n",
      " [ 0.          0.          0.          1.        ]]\n",
      "25\n",
      "RegistrationResult with fitness=9.817554e-01, inlier_rmse=8.568817e-04, and correspondence_set size of 36107\n",
      "Access transformation to get result.\n",
      "[[ 0.1608613   0.30794347 -0.93770702  0.28447112]\n",
      " [ 0.13649212 -0.94789181 -0.28787327  0.1038946 ]\n",
      " [-0.9774935  -0.08168195 -0.19451096  0.00928168]\n",
      " [ 0.          0.          0.          1.        ]]\n",
      "26\n",
      "RegistrationResult with fitness=9.801492e-01, inlier_rmse=9.506585e-04, and correspondence_set size of 35748\n",
      "Access transformation to get result.\n",
      "[[ 0.1666139   0.29403418 -0.94116083  0.28551953]\n",
      " [ 0.14123432 -0.95177696 -0.27234809  0.09957495]\n",
      " [-0.97585484 -0.08754723 -0.20010699  0.01221216]\n",
      " [ 0.          0.          0.          1.        ]]\n",
      "27\n",
      "RegistrationResult with fitness=9.574174e-01, inlier_rmse=1.053670e-03, and correspondence_set size of 36064\n",
      "Access transformation to get result.\n",
      "[[ 0.17515549  0.27591089 -0.94508927  0.28718323]\n",
      " [ 0.14040113 -0.95711811 -0.25340176  0.09462543]\n",
      " [-0.97447836 -0.08830689 -0.20638269  0.01521892]\n",
      " [ 0.          0.          0.          1.        ]]\n",
      "28\n",
      "RegistrationResult with fitness=9.468484e-01, inlier_rmse=1.107186e-03, and correspondence_set size of 36323\n",
      "Access transformation to get result.\n",
      "[[ 0.17324852  0.26125397 -0.94959534  0.28891027]\n",
      " [ 0.13591533 -0.96129231 -0.23967504  0.09046835]\n",
      " [-0.97545475 -0.08754122 -0.20205089  0.01775747]\n",
      " [ 0.          0.          0.          1.        ]]\n",
      "29\n",
      "RegistrationResult with fitness=9.439221e-01, inlier_rmse=1.052447e-03, and correspondence_set size of 36240\n",
      "Access transformation to get result.\n",
      "[[ 0.16928966  0.25229899 -0.95272568  0.28981786]\n",
      " [ 0.13760059 -0.96326105 -0.23063872  0.08852563]\n",
      " [-0.97591346 -0.09205087 -0.19778663  0.01992906]\n",
      " [ 0.          0.          0.          1.        ]]\n",
      "30\n",
      "RegistrationResult with fitness=9.592992e-01, inlier_rmse=9.163395e-04, and correspondence_set size of 34223\n",
      "Access transformation to get result.\n",
      "[[ 0.16609829  0.24066197 -0.95629136  0.29120015]\n",
      " [ 0.12120609 -0.96739131 -0.22240311  0.08507765]\n",
      " [-0.97863192 -0.07896756 -0.18985173  0.01906737]\n",
      " [ 0.          0.          0.          1.        ]]\n",
      "31\n",
      "RegistrationResult with fitness=9.340769e-01, inlier_rmse=1.012467e-03, and correspondence_set size of 34757\n",
      "Access transformation to get result.\n",
      "[[ 0.15653985  0.23114317 -0.96024378  0.29186441]\n",
      " [ 0.12159922 -0.96934356 -0.21351038  0.08186868]\n",
      " [-0.98015759 -0.08334201 -0.17984772  0.01880769]\n",
