{
 "cells": [
  {
   "cell_type": "code",
   "execution_count": 1,
   "metadata": {},
   "outputs": [
    {
     "name": "stdout",
     "output_type": "stream",
     "text": [
      "Jupyter environment detected. Enabling Open3D WebVisualizer.\n",
      "[Open3D INFO] WebRTC GUI backend enabled.\n",
      "[Open3D INFO] WebRTCWindowSystem: HTTP handshake server disabled.\n"
     ]
    }
   ],
   "source": [
    "import cv2\n",
    "import numpy as np\n",
    "import open3d as o3d\n",
    "import matplotlib.pyplot as plt\n",
    "from natsort import natsorted\n",
    "import os\n",
    "import time\n",
    "import sys\n",
    "import copy\n",
    "sys.path.append('../')\n",
    "sys.path.insert(0, '../optical_tracking')\n",
    "sys.path.insert(0, '../util')\n",
    "from phantom_registration import manual_registration, draw_registration_result\n",
    "from Solver import solver\n",
    "sol = solver()"
   ]
  },
  {
   "cell_type": "code",
   "execution_count": 2,
   "metadata": {},
   "outputs": [],
   "source": [
    "pcd_target = o3d.io.read_point_cloud('/home/shc/Documents/phacon_data/phacon_0314/phacon_0314_ds.ply')\n",
    "o3d.visualization.draw_geometries([pcd_target])\n",
    "# pcd_target = pcd_target.voxel_down_sample(voxel_size=0.001)\n",
    "# o3d.io.write_point_cloud('/home/shc/Documents/phacon_data/phacon_0314/phacon_0314_ds.ply', pcd_target)"
   ]
  },
  {
   "cell_type": "code",
   "execution_count": null,
   "metadata": {},
   "outputs": [],
   "source": [
    "#test\n",
    "depth_threshold = 0.3# meters\n",
    "disp = np.load('/home/shc/Desktop/data/0308/opti_3/disp/150.npy')\n",
    "Q = np.load('../params/Q.npy')\n",
    "disp = cv2.flip(disp, 1)\n",
    "\n",
    "point_cloud = cv2.reprojectImageTo3D(disp, Q)\n",
    "point_cloud = point_cloud.reshape(-1, 3)\n",
    "\n",
    "# Filter out the points beyond the depth threshold\n",
    "filtered_point_cloud = point_cloud[abs(point_cloud[:, 2]) < abs(depth_threshold)]\n",
    "\n",
    "pcd = o3d.geometry.PointCloud()\n",
    "pcd.points = o3d.utility.Vector3dVector(filtered_point_cloud)\n",
    "o3d.visualization.draw_geometries([pcd])"
   ]
  },
  {
   "cell_type": "code",
   "execution_count": 124,
   "metadata": {},
   "outputs": [],
   "source": [
    "# pcd = o3d.io.read_point_cloud('../data/phantom_point-cloud_data/phacon_exp_3.ply')\n",
    "pcd_ = o3d.io.read_point_cloud('/home/shc/Desktop/data/0308/opti_3/zed_pointcloud/30.ply')\n",
    "pcd_c = o3d.io.read_point_cloud('/home/shc/Desktop/data/0308/opti_3/cres_pointcloud/30.ply')\n",
    "\n",
    "o3d.visualization.draw_geometries([pcd_, pcd_c])"
   ]
  },
  {
   "attachments": {},
   "cell_type": "markdown",
   "metadata": {},
   "source": [
    "Path of data"
   ]
  },
  {
   "cell_type": "code",
   "execution_count": 4,
   "metadata": {},
   "outputs": [],
   "source": [
    "# disparity_dir = '../../optimization_data/disp'\n",
    "# save_dir = '../../optimization_data/pointcloud'\n",
    "\n",
    "opti_dir = '/home/shc/Desktop/data/0308/opti_3/'\n",
    "disparity_dir = os.path.join(opti_dir, 'disp')\n",
    "save_dir = os.path.join(opti_dir, '/cres_pointcloud')\n",
    "Q = np.load('../params/Q.npy')"
   ]
  },
  {
   "attachments": {},
   "cell_type": "markdown",
   "metadata": {},
   "source": [
    "**Generate cres pointcloud from the disparity maps and filter the pointcloud by depth.**"
   ]
  },
  {
   "cell_type": "code",
   "execution_count": null,
   "metadata": {},
   "outputs": [],
   "source": [
    "\n",
    "count = 0\n",
    "start = time.time()\n",
    "# Define the depth threshold\n",
    "depth_threshold = 300 /1000 # meters\n",
    "\n",
    "# Sequence of images from the left/right dir\n",
    "disparities = natsorted([os.path.join(disparity_dir, f) for f in os.listdir(disparity_dir) if \".npy\" in f])\n",
    "\n",
    "for disp_map in disparities:\n",
    "    disp = np.load(disp_map)\n",
    "    disp = cv2.flip(disp, 1)\n",
    "    point_cloud = cv2.reprojectImageTo3D(disp, Q)\n",
    "    point_cloud = point_cloud.reshape(-1, 3)\n",
    "\n",
    "    # Filter out the points beyond the depth threshold\n",
    "    filtered_point_cloud = point_cloud[abs(point_cloud[:, 2]) < abs(depth_threshold)]\n",
    "\n",
    "    pcd = o3d.geometry.PointCloud()\n",
    "    pcd.points = o3d.utility.Vector3dVector(filtered_point_cloud)\n",
    "    \n",
    "    # # Radius outlier removal:\n",
    "    # pcd_rad, ind_rad = pcd.remove_radius_outlier(nb_points=16, radius=0.05)\n",
    "    # outlier_rad_pcd = pcd.select_by_index(ind_rad, invert=True)\n",
    "    # outlier_rad_pcd.paint_uniform_color([1., 0., 1.])\n",
    "\n",
    "    # Statistical outlier removal:\n",
    "    pcd_stat, ind_stat = pcd.remove_statistical_outlier(nb_neighbors=20,\n",
    "                                                 std_ratio=2.0)\n",
    "    \n",
    "    outlier_stat_pcd = pcd.select_by_index(ind_stat, invert=True)\n",
    "    outlier_stat_pcd.paint_uniform_color([0., 0., 1.])\n",
    "\n",
    "    # o3d.visualization.draw_geometries([pcd_stat])\n",
    "\n",
    "    save_path = os.path.join(save_dir, f'{count}.ply')\n",
    "    o3d.io.write_point_cloud(save_path, pcd_stat)\n",
    "    print('Finished saving: '+f'{count}.ply')\n",
    "    \n",
    "    count += 1\n",
    "end = time.time()\n",
    "print(f'Done with pointcloud saving in {end - start}s')"
   ]
  },
  {
   "attachments": {},
   "cell_type": "markdown",
   "metadata": {},
   "source": [
    "Filter ZED pointcloud"
   ]
  },
  {
   "cell_type": "code",
   "execution_count": 13,
   "metadata": {},
   "outputs": [
    {
     "name": "stdout",
     "output_type": "stream",
     "text": [
      "Finished saving: 0.ply\n"
     ]
    },
    {
     "ename": "KeyboardInterrupt",
     "evalue": "",
     "output_type": "error",
     "traceback": [
      "\u001b[0;31m---------------------------------------------------------------------------\u001b[0m",
      "\u001b[0;31mKeyboardInterrupt\u001b[0m                         Traceback (most recent call last)",
      "\u001b[1;32m/home/shc/Twin-S/post_optimization/data_preparation.ipynb Cell 10\u001b[0m in \u001b[0;36m<cell line: 11>\u001b[0;34m()\u001b[0m\n\u001b[1;32m     <a href='vscode-notebook-cell:/home/shc/Twin-S/post_optimization/data_preparation.ipynb#X12sZmlsZQ%3D%3D?line=30'>31</a>\u001b[0m o3d\u001b[39m.\u001b[39mio\u001b[39m.\u001b[39mwrite_point_cloud(save_path, pcd_zed)\n\u001b[1;32m     <a href='vscode-notebook-cell:/home/shc/Twin-S/post_optimization/data_preparation.ipynb#X12sZmlsZQ%3D%3D?line=31'>32</a>\u001b[0m \u001b[39mif\u001b[39;00m count \u001b[39m%\u001b[39m \u001b[39m10\u001b[39m \u001b[39m==\u001b[39m \u001b[39m0\u001b[39m:\n\u001b[0;32m---> <a href='vscode-notebook-cell:/home/shc/Twin-S/post_optimization/data_preparation.ipynb#X12sZmlsZQ%3D%3D?line=32'>33</a>\u001b[0m     o3d\u001b[39m.\u001b[39;49mvisualization\u001b[39m.\u001b[39;49mdraw_geometries([pcd_zed])\n",
      "\u001b[0;31mKeyboardInterrupt\u001b[0m: "
     ]
    }
   ],
   "source": [
    "date = '0411'\n",
    "opti_num = 1\n",
    "pointcloud_dir = f'/media/shc/Elements/Twin-S_data/{date}/opti_{opti_num}/zed_pointcloud/'\n",
    "save_dir = f'/media/shc/Elements/Twin-S_data/{date}/opti_{opti_num}/filtered_zed_pointcloud/'\n",
    "if not os.path.exists(save_dir):\n",
    "    os.mkdir(save_dir)\n",
    "\n",
    "depth_threshold = 0.03\n",
    "\n",
    "pointclouds = natsorted([os.path.join(pointcloud_dir, f) for f in os.listdir(pointcloud_dir) if \".ply\" in f])\n",
    "for [count,pointcloud] in enumerate(pointclouds):\n",
    "    if count < 0:\n",
    "        continue\n",
    "    else:\n",
    "        pcd_zed = o3d.io.read_point_cloud(os.path.join(pointcloud_dir, pointcloud))\n",
    "\n",
    "        # Statistical outlier removal:  \n",
    "        pcd_zed, ind_stat = pcd_zed.remove_statistical_outlier(nb_neighbors=20,\n",
    "                                                    std_ratio=2.0)\n",
    "        np_pcd_zed = np.asarray(pcd_zed.points)\n",
    "\n",
    "        distances = np.sqrt(np.sum(np_pcd_zed**2, axis=1))\n",
    "        # print(np.min(distances))\n",
    "        threshold = np.min(distances) + depth_threshold\n",
    "        filtered_point_cloud = np_pcd_zed[distances <= threshold]\n",
    "        # filtered_point_cloud = np_pcd_zed[abs(np_pcd_zed[:, 2]) < abs(threshold)]\n",
    "\n",
    "        pcd_zed.points = o3d.utility.Vector3dVector(filtered_point_cloud)\n",
    "        save_path = os.path.join(save_dir, f'{count}.ply')\n",
    "        print('Finished saving: '+f'{count}.ply')\n",
    "        o3d.io.write_point_cloud(save_path, pcd_zed)\n",
    "        if count % 10 == 0:\n",
    "            o3d.visualization.draw_geometries([pcd_zed])\n",
    "\n",
    "        # if count == 150:\n",
    "        #     break\n"
   ]
  },
  {
   "attachments": {},
   "cell_type": "markdown",
   "metadata": {},
   "source": [
    "**Do phantom registration for all pointcloud**"
   ]
  },
  {
   "cell_type": "code",
   "execution_count": 39,
   "metadata": {},
   "outputs": [],
   "source": [
    "def phantom_registration(pointcloud_dir, T_c_p_path):\n",
    "\n",
    "    pcd_source_init = o3d.io.read_point_cloud(os.path.join(pointcloud_dir, \"0.ply\"))\n",
    "    pcd_target = o3d.io.read_point_cloud(\"../data/phantom_point-cloud_data/phacon_exp_3.ply\")\n",
    "    # pcd_target = o3d.io.read_point_cloud(\"/home/shc/Documents/phacon_data/phacon_0314/phacon_0314_ds.ply\")\n",
    "    pcd_target = pcd_target.voxel_down_sample(voxel_size=0.001)\n",
    "    cam2ph_list = []\n",
    "    count = 0\n",
    "\n",
    "    # manual registration to initialize\n",
    "    init_result = manual_registration(pcd_source_init, pcd_target)\n",
    "    # draw_registration_result(pcd_source_init, pcd_target, result.transformation)\n",
    "\n",
    "    pointclouds = natsorted([os.path.join(pointcloud_dir, f) for f in os.listdir(pointcloud_dir) if \".ply\" in f])\n",
    "    # pointclouds = pointclouds[15:]\n",
    "    print(\"Apply point-to-plane ICP\")\n",
    "\n",
    "    loss = o3d.pipelines.registration.TukeyLoss(k=0.005)\n",
    "\n",
    "    for pointcloud in pointclouds:\n",
    "        pcd_source = o3d.io.read_point_cloud(pointcloud)\n",
    "        \n",
    "        threshold = 0.006\n",
    "\n",
    "        trans_init_icp = init_result.transformation\n",
    "\n",
    "        if init_result.inlier_rmse > 1.2e-3:\n",
    "            init_result = manual_registration(pcd_source, pcd_target)\n",
    "            trans_init_icp = init_result.transformation\n",
    "            draw_registration_result(pcd_source, pcd_target, init_result.transformation)\n",
    "\n",
    "        result = o3d.pipelines.registration.registration_icp(\n",
    "            pcd_source, pcd_target, threshold, trans_init_icp,\n",
    "            o3d.pipelines.registration.TransformationEstimationPointToPlane(loss))\n",
    "            \n",
    "        # print(f\"Transformation is ({count}):\")\n",
    "        print(result.transformation)\n",
    "        print(count)\n",
    "        if count % 40 == 0:\n",
    "            draw_registration_result(pcd_source, pcd_target, result.transformation)\n",
    "        print(result)\n",
    "        ph2cam = result.transformation\n",
    "        cam2ph = sol.invTransformation(ph2cam)\n",
    "        cam2ph[:3, 3] = cam2ph[:3, 3]*1000\n",
    "        cam2ph_list.append(cam2ph)\n",
    "        \n",
    "        init_result = result\n",
    "        count += 1\n",
    "\n",
    "        # if count == 151:\n",
    "        #     break\n",
    "        \n",
    "        # print(T_o_p.shape)\n",
    "        if count == 300:\n",
    "            break\n",
    "    T_c_p = np.array(cam2ph_list)\n",
    "    print(T_c_p.shape)\n",
    "    np.save(f'../data/post_optimization_data/{T_c_p_path}', T_c_p)\n"
   ]
  },
  {
   "cell_type": "code",
   "execution_count": 40,
   "metadata": {},
   "outputs": [
    {
     "name": "stdout",
     "output_type": "stream",
     "text": [
      "Visualization of two point clouds before manual alignment\n",
      "\n",
      "1) Please pick at least three correspondences using [shift + left click]\n",
      "   Press [shift + right click] to undo point picking\n",
      "2) After picking points, press 'Q' to close the window\n",
      "[Open3D INFO] Picked point #15440 (-0.013, 0.022, 0.33) to add in queue.\n",
      "[Open3D INFO] Picked point #11569 (-0.031, 0.0084, 0.33) to add in queue.\n",
      "[Open3D INFO] Picked point #19564 (-0.03, 0.038, 0.33) to add in queue.\n",
      "[Open3D INFO] Remove picked point #19564 from pick queue.\n",
      "[Open3D INFO] Picked point #11275 (-0.036, 0.0075, 0.33) to add in queue.\n",
      "[Open3D INFO] Remove picked point #11275 from pick queue.\n",
      "[Open3D INFO] Remove picked point #11569 from pick queue.\n",
      "[Open3D INFO] Picked point #11276 (-0.035, 0.0075, 0.33) to add in queue.\n",
      "[Open3D INFO] Picked point #19563 (-0.031, 0.038, 0.33) to add in queue.\n",
      "\n",
      "\n",
      "1) Please pick at least three correspondences using [shift + left click]\n",
      "   Press [shift + right click] to undo point picking\n",
      "2) After picking points, press 'Q' to close the window\n",
      "[Open3D INFO] Picked point #4237 (0.0063, 0.013, 4.7e-05) to add in queue.\n",
      "[Open3D INFO] Picked point #20803 (-0.019, 0.0032, 0.0049) to add in queue.\n",
      "[Open3D INFO] Picked point #40857 (0.0058, 0.0079, 0.025) to add in queue.\n",
      "\n",
      "Compute a rough transform using the correspondences given by user\n",
      "Perform point-to-point ICP refinement\n",
      "\n",
      "Apply point-to-plane ICP\n",
      "[[ 0.66184005  0.72553981  0.1885729  -0.06443777]\n",
      " [ 0.39405002 -0.12271499 -0.91085982  0.32054062]\n",
      " [-0.63772434  0.67715066 -0.36711667  0.09743831]\n",
      " [ 0.          0.          0.          1.        ]]\n",
      "0\n",
      "RegistrationResult with fitness=9.993959e-01, inlier_rmse=9.010752e-04, and correspondence_set size of 21506\n",
      "Access transformation to get result.\n",
      "[[ 0.6644778   0.72453325  0.18308692 -0.0631801 ]\n",
      " [ 0.38611864 -0.1230992  -0.91419855  0.31975735]\n",
      " [-0.63982939  0.67815791 -0.36155248  0.09773347]\n",
      " [ 0.          0.          0.          1.        ]]\n",
      "1\n",
      "RegistrationResult with fitness=9.957526e-01, inlier_rmse=9.528247e-04, and correspondence_set size of 21334\n",
      "Access transformation to get result.\n",
      "[[ 0.64936655  0.73749128  0.18555242 -0.06366389]\n",
      " [ 0.39086797 -0.11437302 -0.91331322  0.31989443]\n",
      " [-0.65233834  0.66560156 -0.36253173  0.09910538]\n",
      " [ 0.          0.          0.          1.        ]]\n",
      "2\n",
      "RegistrationResult with fitness=1.000000e+00, inlier_rmse=8.550349e-04, and correspondence_set size of 20929\n",
      "Access transformation to get result.\n",
      "[[ 0.63493028  0.74786471  0.19380895 -0.06492742]\n",
      " [ 0.40314538 -0.10672783 -0.90889107  0.32122625]\n",
      " [-0.65904275  0.65521564 -0.36926293  0.10136751]\n",
      " [ 0.          0.          0.          1.        ]]\n",
      "3\n",
      "RegistrationResult with fitness=9.996633e-01, inlier_rmse=8.740828e-04, and correspondence_set size of 20784\n",
      "Access transformation to get result.\n",
      "[[ 0.64070637  0.74341171  0.19192283 -0.06410769]\n",
      " [ 0.4003096  -0.11014311 -0.90973662  0.32217237]\n",
      " [-0.65516988  0.6597026  -0.36816424  0.10304882]\n",
      " [ 0.          0.          0.          1.        ]]\n",
      "4\n",
      "RegistrationResult with fitness=9.963435e-01, inlier_rmse=9.401735e-04, and correspondence_set size of 21254\n",
      "Access transformation to get result.\n",
      "[[ 0.62982396  0.7518777   0.19494024 -0.06368806]\n",
      " [ 0.40481658 -0.10354995 -0.90851579  0.32185172]\n",
      " [-0.66290672  0.65112005 -0.3695908   0.10471646]\n",
      " [ 0.          0.          0.          1.        ]]\n",
      "5\n",
      "RegistrationResult with fitness=9.970314e-01, inlier_rmse=9.337561e-04, and correspondence_set size of 21159\n",
      "Access transformation to get result.\n",
      "[[ 0.63383929  0.75193582  0.18121883 -0.06131711]\n",
      " [ 0.38959821 -0.10797986 -0.91463303  0.32253468]\n",
      " [-0.66817736  0.65033289 -0.36139473  0.10336054]\n",
      " [ 0.          0.          0.          1.        ]]\n",
      "6\n",
      "RegistrationResult with fitness=1.000000e+00, inlier_rmse=8.943211e-04, and correspondence_set size of 21382\n",
      "Access transformation to get result.\n",
      "[[ 0.61278562  0.76710825  0.18983867 -0.06472254]\n",
      " [ 0.40276239 -0.0964856  -0.91020492  0.32206876]\n",
      " [-0.679909    0.63422036 -0.36808734  0.10500362]\n",
      " [ 0.          0.          0.          1.        ]]\n",
      "7\n",
      "RegistrationResult with fitness=9.982982e-01, inlier_rmse=9.246086e-04, and correspondence_set size of 20532\n",
      "Access transformation to get result.\n",
      "[[ 0.62297176  0.76248464  0.17470936 -0.06312627]\n",
      " [ 0.39582024 -0.114624   -0.91114635  0.32333895]\n",
      " [-0.67470922  0.63677194 -0.37321437  0.10532663]\n",
      " [ 0.          0.          0.          1.        ]]\n",
      "8\n",
      "RegistrationResult with fitness=9.996088e-01, inlier_rmse=8.604696e-04, and correspondence_set size of 20442\n",
      "Access transformation to get result.\n",
      "[[ 0.68901657  0.69797707  0.19515169 -0.07052027]\n",
      " [ 0.33744134 -0.07065488 -0.93869123  0.33236988]\n",
      " [-0.64139653  0.71262606 -0.2842087   0.07123867]\n",
      " [ 0.          0.          0.          1.        ]]\n",
      "9\n",
      "RegistrationResult with fitness=9.916110e-01, inlier_rmse=1.659036e-03, and correspondence_set size of 21395\n",
      "Access transformation to get result.\n",
      "Visualization of two point clouds before manual alignment\n",
      "\n",
      "1) Please pick at least three correspondences using [shift + left click]\n",
      "   Press [shift + right click] to undo point picking\n",
      "2) After picking points, press 'Q' to close the window\n",
      "[Open3D INFO] Picked point #15054 (-0.013, 0.032, 0.34) to add in queue.\n",
      "[Open3D INFO] Picked point #10761 (-0.031, 0.017, 0.34) to add in queue.\n",
      "[Open3D INFO] Picked point #18509 (-0.032, 0.046, 0.33) to add in queue.\n",
      "[Open3D INFO] Remove picked point #18509 from pick queue.\n",
      "[Open3D INFO] Remove picked point #10761 from pick queue.\n",
      "[Open3D INFO] Picked point #10342 (-0.033, 0.015, 0.34) to add in queue.\n",
      "[Open3D INFO] Picked point #18719 (-0.033, 0.046, 0.33) to add in queue.\n",
      "\n",
      "\n",
      "1) Please pick at least three correspondences using [shift + left click]\n",
      "   Press [shift + right click] to undo point picking\n",
      "2) After picking points, press 'Q' to close the window\n",
      "[Open3D INFO] Picked point #5371 (0.0063, 0.012, 0.0020) to add in queue.\n",
      "[Open3D INFO] Picked point #9873 (-0.021, 0.0023, 0.0050) to add in queue.\n",
      "[Open3D INFO] Picked point #40857 (0.0058, 0.0079, 0.025) to add in queue.\n",
      "\n",
      "Compute a rough transform using the correspondences given by user\n",
      "Perform point-to-point ICP refinement\n",
      "\n",
      "[[ 0.60186348  0.78263366  0.15888646 -0.06623378]\n",
      " [ 0.39599602 -0.11970179 -0.91041674  0.32888025]\n",
      " [-0.69350379  0.61086499 -0.38196395  0.10140429]\n",
      " [ 0.          0.          0.          1.        ]]\n",
      "10\n",
      "RegistrationResult with fitness=9.960779e-01, inlier_rmse=9.850598e-04, and correspondence_set size of 20825\n",
      "Access transformation to get result.\n",
      "[[ 0.61074634  0.77926023  0.14050768 -0.06316291]\n",
      " [ 0.38942061 -0.14109363 -0.91018909  0.32968101]\n",
      " [-0.68944942  0.61061124 -0.38963241  0.10336471]\n",
      " [ 0.          0.          0.          1.        ]]\n",
      "11\n",
      "RegistrationResult with fitness=9.996616e-01, inlier_rmse=8.879205e-04, and correspondence_set size of 20680\n",
      "Access transformation to get result.\n",
      "[[ 0.60853646  0.78269941  0.13063313 -0.06045001]\n",
      " [ 0.38702472 -0.14903506 -0.90994528  0.32988838]\n",
      " [-0.69274472  0.60429313 -0.39361728  0.10439431]\n",
      " [ 0.          0.          0.          1.        ]]\n",
      "12\n",
      "RegistrationResult with fitness=9.920698e-01, inlier_rmse=1.027982e-03, and correspondence_set size of 19891\n",
      "Access transformation to get result.\n",
      "[[ 0.6014164   0.78878954  0.12692271 -0.05911289]\n",
      " [ 0.37829825 -0.14122896 -0.91484688  0.33020258]\n",
      " [-0.70369649  0.59821856 -0.38333512  0.10128205]\n",
      " [ 0.          0.          0.          1.        ]]\n",
      "13\n",
      "RegistrationResult with fitness=9.986648e-01, inlier_rmse=9.840819e-04, and correspondence_set size of 20195\n",
      "Access transformation to get result.\n",
      "[[ 0.6117966   0.78035714  0.12941276 -0.05818329]\n",
      " [ 0.37461066 -0.14173848 -0.91628438  0.32999072]\n",
      " [-0.69668628  0.60905906 -0.37904522  0.10063334]\n",
      " [ 0.          0.          0.          1.        ]]\n",
      "14\n",
      "RegistrationResult with fitness=9.932518e-01, inlier_rmse=9.799450e-04, and correspondence_set size of 19723\n",
      "Access transformation to get result.\n",
      "[[ 0.59818476  0.78982837  0.13544795 -0.0586108 ]\n",
      " [ 0.37105792 -0.12318436 -0.92040297  0.33095274]\n",
      " [-0.71027531  0.60083007 -0.36675908  0.09792306]\n",
      " [ 0.          0.          0.          1.        ]]\n",
      "15\n",
      "RegistrationResult with fitness=9.934957e-01, inlier_rmse=9.877892e-04, and correspondence_set size of 20315\n",
      "Access transformation to get result.\n",
      "[[ 0.60481929  0.78372999  0.14128316 -0.05871878]\n",
      " [ 0.36620923 -0.11617582 -0.92325185  0.3311655 ]\n",
      " [-0.70716647  0.61013973 -0.35727453  0.09589383]\n",
      " [ 0.          0.          0.          1.        ]]\n",
      "16\n",
      "RegistrationResult with fitness=9.991931e-01, inlier_rmse=9.496477e-04, and correspondence_set size of 19813\n",
      "Access transformation to get result.\n",
      "[[ 0.59822312  0.78806361  0.14520625 -0.05700101]\n",
      " [ 0.36124665 -0.10347104 -0.92671172  0.3312806 ]\n",
      " [-0.71528313  0.60683564 -0.34658411  0.09429589]\n",
      " [ 0.          0.          0.          1.        ]]\n",
      "17\n",
      "RegistrationResult with fitness=9.976625e-01, inlier_rmse=9.890585e-04, and correspondence_set size of 20487\n",
      "Access transformation to get result.\n",
      "[[ 0.60331891  0.78389933  0.1466565  -0.05639553]\n",
      " [ 0.34915278 -0.09429948 -0.93230893  0.32797497]\n",
      " [-0.71700672  0.61368513 -0.33059329  0.09653645]\n",
      " [ 0.          0.          0.          1.        ]]\n",
      "18\n",
      "RegistrationResult with fitness=9.882487e-01, inlier_rmse=1.049444e-03, and correspondence_set size of 20772\n",
      "Access transformation to get result.\n",
      "[[ 0.59155931  0.78940897  0.16398491 -0.05730057]\n",
      " [ 0.33909867 -0.05907265 -0.9388943   0.3252168 ]\n",
      " [-0.73148457  0.61101873 -0.30263251  0.09473623]\n",
      " [ 0.          0.          0.          1.        ]]\n",
      "19\n",
      "RegistrationResult with fitness=1.000000e+00, inlier_rmse=8.548051e-04, and correspondence_set size of 20113\n",
      "Access transformation to get result.\n",
      "[[ 0.61132277  0.77514763  0.1594698  -0.05445553]\n",
      " [ 0.32716291 -0.06405868 -0.94279421  0.32535752]\n",
      " [-0.72058927  0.62852417 -0.29276008  0.09316791]\n",
      " [ 0.          0.          0.          1.        ]]\n",
      "20\n",
      "RegistrationResult with fitness=1.000000e+00, inlier_rmse=8.006808e-04, and correspondence_set size of 20220\n",
      "Access transformation to get result.\n",
      "[[ 0.60481189  0.77649927  0.17678083 -0.05735184]\n",
      " [ 0.33061316 -0.04287347 -0.94279203  0.32696767]\n",
      " [-0.72449811  0.6286579  -0.28265126  0.09103757]\n",
      " [ 0.          0.          0.          1.        ]]\n",
      "21\n",
      "RegistrationResult with fitness=1.000000e+00, inlier_rmse=7.990242e-04, and correspondence_set size of 19855\n",
      "Access transformation to get result.\n",
      "[[ 0.61521394  0.7683443   0.17651867 -0.05445772]\n",
      " [ 0.31969163 -0.03847419 -0.9467402   0.33069521]\n",
      " [-0.72063102  0.63887931 -0.2693031   0.08945363]\n",
      " [ 0.          0.          0.          1.        ]]\n",
      "22\n",
      "RegistrationResult with fitness=1.000000e+00, inlier_rmse=8.216259e-04, and correspondence_set size of 19793\n",
      "Access transformation to get result.\n",
      "[[ 0.60572625  0.7721829   0.19190956 -0.05862065]\n",
      " [ 0.33034155 -0.02463434 -0.94353993  0.33209116]\n",
      " [-0.72385784  0.63492261 -0.27000576  0.09087923]\n",
      " [ 0.          0.          0.          1.        ]]\n",
      "23\n",
      "RegistrationResult with fitness=1.000000e+00, inlier_rmse=7.797622e-04, and correspondence_set size of 19263\n",
      "Access transformation to get result.\n",
      "[[ 0.61377688  0.7652436   0.19411379 -0.05744645]\n",
      " [ 0.33422125 -0.02910619 -0.94204511  0.33425172]\n",
      " [-0.71524408  0.64308246 -0.27362538  0.0920788 ]\n",
      " [ 0.          0.          0.          1.        ]]\n",
      "24\n",
      "RegistrationResult with fitness=1.000000e+00, inlier_rmse=8.047650e-04, and correspondence_set size of 19219\n",
      "Access transformation to get result.\n",
      "[[ 0.61717275  0.76056864  0.20157666 -0.05917629]\n",
      " [ 0.33734994 -0.02433243 -0.9410648   0.33544304]\n",
      " [-0.71083952  0.64880142 -0.27159509  0.09168698]\n",
      " [ 0.          0.          0.          1.        ]]\n",
      "25\n",
      "RegistrationResult with fitness=9.976235e-01, inlier_rmse=8.478375e-04, and correspondence_set size of 19310\n",
      "Access transformation to get result.\n",
      "[[ 0.6164226   0.76270533  0.19571345 -0.05982409]\n",
      " [ 0.32592621 -0.02088207 -0.94516456  0.33574146]\n",
      " [-0.71679515  0.64640894 -0.26145784  0.08953138]\n",
      " [ 0.          0.          0.          1.        ]]\n",
      "26\n",
      "RegistrationResult with fitness=1.000000e+00, inlier_rmse=7.866462e-04, and correspondence_set size of 19482\n",
      "Access transformation to get result.\n",
      "[[ 0.60871325  0.76863388  0.19664724 -0.0598029 ]\n",
      " [ 0.31911131 -0.01026788 -0.94766162  0.33481225]\n",
      " [-0.72638567  0.63960654 -0.25152996  0.08658434]\n",
      " [ 0.          0.          0.          1.        ]]\n",
      "27\n",
      "RegistrationResult with fitness=1.000000e+00, inlier_rmse=8.018462e-04, and correspondence_set size of 19513\n",
      "Access transformation to get result.\n",
      "[[ 0.60947401  0.76869637  0.19402917 -0.05982928]\n",
      " [ 0.31285115 -0.00831587 -0.94976576  0.33245223]\n",
      " [-0.72846797  0.6395598  -0.24555585  0.08542227]\n",
      " [ 0.          0.          0.          1.        ]]\n",
      "28\n",
      "RegistrationResult with fitness=1.000000e+00, inlier_rmse=8.083954e-04, and correspondence_set size of 19318\n",
      "Access transformation to get result.\n",
      "[[ 0.6018287   0.77166391  0.20575964 -0.06239853]\n",
      " [ 0.32234721  0.00100897 -0.94662097  0.3298897 ]\n",
      " [-0.73068084  0.63602971 -0.24813648  0.08503811]\n",
      " [ 0.          0.          0.          1.        ]]\n",
      "29\n",
      "RegistrationResult with fitness=1.000000e+00, inlier_rmse=8.654402e-04, and correspondence_set size of 19983\n",
      "Access transformation to get result.\n",
      "[[ 0.59088912  0.78007249  0.20575945 -0.06284911]\n",
      " [ 0.31527091  0.01148817 -0.94893218  0.32888368]\n",
      " [-0.74259969  0.62558367 -0.23914593  0.08247248]\n",
      " [ 0.          0.          0.          1.        ]]\n",
      "30\n",
      "RegistrationResult with fitness=1.000000e+00, inlier_rmse=8.218466e-04, and correspondence_set size of 20549\n",
      "Access transformation to get result.\n",
      "[[ 0.56757141  0.79741432  0.20492217 -0.06458439]\n",
      " [ 0.31150037  0.02241444 -0.94998164  0.32883141]\n",
      " [-0.76212218  0.60301575 -0.23567306  0.0809599 ]\n",
      " [ 0.          0.          0.          1.        ]]\n",
      "31\n",
      "RegistrationResult with fitness=1.000000e+00, inlier_rmse=8.037787e-04, and correspondence_set size of 19782\n",
      "Access transformation to get result.\n",
      "[[ 0.55842848  0.80518545  0.19958463 -0.06343179]\n",
      " [ 0.31612045  0.01588768 -0.94858602  0.33030907]\n",
      " [-0.7669586   0.59281024 -0.24566345  0.08203799]\n",
      " [ 0.          0.          0.          1.        ]]\n",
      "32\n",
      "RegistrationResult with fitness=1.000000e+00, inlier_rmse=7.916374e-04, and correspondence_set size of 19639\n",
      "Access transformation to get result.\n",
      "[[ 0.55377823  0.81102608  0.18859047 -0.0599843 ]\n",
      " [ 0.30969003  0.00962992 -0.95078881  0.3326609 ]\n",
      " [-0.77293063  0.58493073 -0.24583385  0.08060437]\n",
      " [ 0.          0.          0.          1.        ]]\n",
      "33\n",
      "RegistrationResult with fitness=1.000000e+00, inlier_rmse=7.958473e-04, and correspondence_set size of 19205\n",
      "Access transformation to get result.\n",
      "[[ 0.54359216  0.81779314  0.18900249 -0.05939754]\n",
      " [ 0.31016629  0.0135232  -0.95058613  0.33326971]\n",
      " [-0.77993874  0.57535337 -0.24630076  0.08019987]\n",
      " [ 0.          0.          0.          1.        ]]\n",
      "34\n",
      "RegistrationResult with fitness=1.000000e+00, inlier_rmse=8.094701e-04, and correspondence_set size of 19202\n",
      "Access transformation to get result.\n",
      "[[ 0.5456621   0.81683953  0.18715247 -0.05492968]\n",
      " [ 0.31218421  0.0091127  -0.94997788  0.33344748]\n",
      " [-0.77768495  0.57679298 -0.25003195  0.08085563]\n",
      " [ 0.          0.          0.          1.        ]]\n",
      "35\n",
      "RegistrationResult with fitness=1.000000e+00, inlier_rmse=8.405670e-04, and correspondence_set size of 19733\n",
      "Access transformation to get result.\n",
      "[[ 0.5328463   0.82448603  0.1905193  -0.05322272]\n",
      " [ 0.31118391  0.01845106 -0.95017058  0.33319133]\n",
      " [-0.78691765  0.56558142 -0.24673521  0.07902391]\n",
      " [ 0.          0.          0.          1.        ]]\n",
      "36\n",
      "RegistrationResult with fitness=1.000000e+00, inlier_rmse=7.894869e-04, and correspondence_set size of 19467\n",
      "Access transformation to get result.\n",
      "[[ 0.52852439  0.82758903  0.18909883 -0.05081651]\n",
      " [ 0.30958172  0.01951401 -0.95067258  0.33288103]\n",
      " [-0.79045627  0.56099519 -0.2458928   0.07857814]\n",
      " [ 0.          0.          0.          1.        ]]\n",
      "37\n",
      "RegistrationResult with fitness=1.000000e+00, inlier_rmse=7.824507e-04, and correspondence_set size of 19772\n",
      "Access transformation to get result.\n",
      "[[ 0.52858271  0.82906679  0.18234192 -0.04629018]\n",
      " [ 0.30367465  0.01590895 -0.95264296  0.33355601]\n",
      " [-0.79270551  0.55892322 -0.24335737  0.07689277]\n",
      " [ 0.          0.          0.          1.        ]]\n",
      "38\n",
      "RegistrationResult with fitness=1.000000e+00, inlier_rmse=7.737666e-04, and correspondence_set size of 19335\n",
      "Access transformation to get result.\n",
      "[[ 0.51726077  0.8359712   0.18328513 -0.042982  ]\n",
      " [ 0.30451301  0.02036916 -0.95229036  0.33420183]\n",
      " [-0.79982068  0.54839515 -0.24402794  0.07490323]\n",
      " [ 0.          0.          0.          1.        ]]\n",
      "39\n",
      "RegistrationResult with fitness=1.000000e+00, inlier_rmse=7.699686e-04, and correspondence_set size of 19399\n",
      "Access transformation to get result.\n",
      "[[ 0.514859    0.83736697  0.18367572 -0.03968483]\n",
      " [ 0.3046647   0.02154324 -0.952216    0.3342208 ]\n",
      " [-0.80131119  0.54621649 -0.24402442  0.07407489]\n",
      " [ 0.          0.          0.          1.        ]]\n",
      "40\n",
      "RegistrationResult with fitness=1.000000e+00, inlier_rmse=7.703676e-04, and correspondence_set size of 19214\n",
      "Access transformation to get result.\n",
      "[[ 0.50143064  0.84516399  0.18510844 -0.03799297]\n",
      " [ 0.30210692  0.02944893 -0.95281906  0.3340224 ]\n",
      " [-0.81073961  0.53369522 -0.24056329  0.07225842]\n",
      " [ 0.          0.          0.          1.        ]]\n",
      "41\n",
      "RegistrationResult with fitness=1.000000e+00, inlier_rmse=7.542988e-04, and correspondence_set size of 18834\n",
      "Access transformation to get result.\n",
      "[[ 0.48784474  0.8518631   0.19062206 -0.03786506]\n",
      " [ 0.30522827  0.03812337 -0.9515158   0.33329298]\n",
      " [-0.81782835  0.52237522 -0.24141442  0.07132296]\n",
      " [ 0.          0.          0.          1.        ]]\n",
      "42\n",
      "RegistrationResult with fitness=1.000000e+00, inlier_rmse=7.616983e-04, and correspondence_set size of 18983\n",
      "Access transformation to get result.\n",
      "[[ 0.47676694  0.85876276  0.18766941 -0.03644671]\n",
      " [ 0.30185163  0.04057069 -0.95249127  0.33331018]\n",
      " [-0.82557791  0.51076467 -0.23987617  0.06972675]\n",
      " [ 0.          0.          0.          1.        ]]\n",
      "43\n",
      "RegistrationResult with fitness=1.000000e+00, inlier_rmse=7.559603e-04, and correspondence_set size of 18996\n",
      "Access transformation to get result.\n",
      "[[ 0.46945465  0.86465404  0.17884552 -0.03403057]\n",
      " [ 0.29287807  0.03859437 -0.95537056  0.33394541]\n",
      " [-0.83296745  0.50088309 -0.2351199   0.06838754]\n",
      " [ 0.          0.          0.          1.        ]]\n",
      "44\n",
      "RegistrationResult with fitness=1.000000e+00, inlier_rmse=7.781803e-04, and correspondence_set size of 19303\n",
      "Access transformation to get result.\n",
      "[[ 0.44864391  0.87504017  0.18172324 -0.0341498 ]\n",
      " [ 0.28988801  0.04985771 -0.95576103  0.33385442]\n",
      " [-0.8453896   0.48147576 -0.2312953   0.06665839]\n",
      " [ 0.          0.          0.          1.        ]]\n",
      "45\n",
      "RegistrationResult with fitness=1.000000e+00, inlier_rmse=7.496482e-04, and correspondence_set size of 18910\n",
      "Access transformation to get result.\n",
      "[[ 0.43958099  0.88107746  0.17455963 -0.03191478]\n",
      " [ 0.2829076   0.04863612 -0.95791326  0.33366212]\n",
      " [-0.85248569  0.4704647  -0.22788399  0.06493457]\n",
      " [ 0.          0.          0.          1.        ]]\n",
      "46\n",
      "RegistrationResult with fitness=1.000000e+00, inlier_rmse=7.331285e-04, and correspondence_set size of 18685\n",
      "Access transformation to get result.\n",
      "[[ 0.43820742  0.8836839   0.16455095 -0.03195193]\n",
      " [ 0.27627124  0.0417942  -0.96017053  0.33348233]\n",
      " [-0.85536452  0.46621455 -0.22582191  0.06458741]\n",
      " [ 0.          0.          0.          1.        ]]\n",
      "47\n",
      "RegistrationResult with fitness=1.000000e+00, inlier_rmse=7.845535e-04, and correspondence_set size of 19747\n",
      "Access transformation to get result.\n",
      "[[ 0.43519869  0.88709978  0.15380535 -0.03166384]\n",
      " [ 0.26783732  0.03553453 -0.96280864  0.33351663]\n",
      " [-0.85957273  0.46020786 -0.22213385  0.0642549 ]\n",
      " [ 0.          0.          0.          1.        ]]\n",
      "48\n",
      "RegistrationResult with fitness=1.000000e+00, inlier_rmse=8.079556e-04, and correspondence_set size of 19590\n",
      "Access transformation to get result.\n",
      "[[ 0.41478084  0.89722781  0.15145664 -0.03368191]\n",
      " [ 0.26618218  0.03952447 -0.96311207  0.33267769]\n",
      " [-0.87011718  0.43979549 -0.22243206  0.06525717]\n",
      " [ 0.          0.          0.          1.        ]]\n",
      "49\n",
      "RegistrationResult with fitness=1.000000e+00, inlier_rmse=8.236115e-04, and correspondence_set size of 20361\n",
      "Access transformation to get result.\n",
      "[[ 0.40277578  0.90475546  0.13852519 -0.03314511]\n",
      " [ 0.25654903  0.03368408 -0.96594409  0.33222366]\n",
      " [-0.87860928  0.42459738 -0.21854701  0.0668607 ]\n",
      " [ 0.          0.          0.          1.        ]]\n",
      "50\n",
      "RegistrationResult with fitness=1.000000e+00, inlier_rmse=8.387921e-04, and correspondence_set size of 19543\n",
      "Access transformation to get result.\n",
      "[[ 0.39060727  0.91076059  0.13394443 -0.03310265]\n",
      " [ 0.25287141  0.03375084 -0.96691103  0.33057169]\n",
      " [-0.88514519  0.4115532  -0.21712199  0.06924114]\n",
      " [ 0.          0.          0.          1.        ]]\n",
      "51\n",
      "RegistrationResult with fitness=1.000000e+00, inlier_rmse=8.316130e-04, and correspondence_set size of 19614\n",
      "Access transformation to get result.\n",
      "[[ 0.36966946  0.92021461  0.1286451  -0.03587293]\n",
      " [ 0.2438216   0.03753011 -0.96909366  0.32828345]\n",
      " [-0.89660221  0.38961079 -0.21049446  0.06981888]\n",
      " [ 0.          0.          0.          1.        ]]\n",
      "52\n",
      "RegistrationResult with fitness=1.000000e+00, inlier_rmse=8.071910e-04, and correspondence_set size of 20326\n",
      "Access transformation to get result.\n",
      "[[ 0.35436322  0.92787674  0.1160666  -0.03649503]\n",
      " [ 0.23279309  0.03267759 -0.97197714  0.32726903]\n",
      " [-0.90566776  0.37145245 -0.20442355  0.06954369]\n",
      " [ 0.          0.          0.          1.        ]]\n",
      "53\n",
      "RegistrationResult with fitness=1.000000e+00, inlier_rmse=8.511757e-04, and correspondence_set size of 20372\n",
      "Access transformation to get result.\n",
      "[[ 0.30901023  0.94334009  0.12092209 -0.040086  ]\n",
      " [ 0.23018449  0.04918187 -0.97190341  0.32680007]\n",
      " [-0.92278263  0.32816248 -0.20194456  0.06875883]\n",
      " [ 0.          0.          0.          1.        ]]\n",
      "54\n",
      "RegistrationResult with fitness=1.000000e+00, inlier_rmse=7.794844e-04, and correspondence_set size of 19237\n",
      "Access transformation to get result.\n",
      "[[ 0.2963282   0.94714542  0.122903   -0.04074032]\n",
      " [ 0.22894639  0.05448766 -0.97191288  0.32629237]\n",
      " [-0.92723953  0.3161434  -0.2006993   0.06811656]\n",
      " [ 0.          0.          0.          1.        ]]\n",
      "55\n",
      "RegistrationResult with fitness=1.000000e+00, inlier_rmse=8.130479e-04, and correspondence_set size of 19728\n",
      "Access transformation to get result.\n",
      "[[ 0.2869258   0.95032235  0.12066899 -0.03963296]\n",
      " [ 0.22664976  0.05504368 -0.9724197   0.32566141]\n",
      " [-0.93075425  0.3063619  -0.19959688  0.06771398]\n",
      " [ 0.          0.          0.          1.        ]]\n",
      "56\n",
      "RegistrationResult with fitness=1.000000e+00, inlier_rmse=7.830455e-04, and correspondence_set size of 19587\n",
      "Access transformation to get result.\n",
      "[[ 0.2740195   0.95459649  0.11687111 -0.03934555]\n",
      " [ 0.22491398  0.05454381 -0.9728508   0.32451955]\n",
