{
 "cells": [
  {
   "cell_type": "code",
   "execution_count": 3,
   "metadata": {},
   "outputs": [
    {
     "name": "stdout",
     "output_type": "stream",
     "text": [
      "Jupyter environment detected. Enabling Open3D WebVisualizer.\n",
      "[Open3D INFO] WebRTC GUI backend enabled.\n",
      "[Open3D INFO] WebRTCWindowSystem: HTTP handshake server disabled.\n"
     ]
    }
   ],
   "source": [
    "import cv2\n",
    "import numpy as np\n",
    "import open3d as o3d\n",
    "import matplotlib.pyplot as plt\n",
    "from natsort import natsorted\n",
    "import os\n",
    "import time\n",
    "import sys\n",
    "import copy\n",
    "sys.path.append('../')\n",
    "sys.path.insert(0, '../optical_tracking')\n",
    "sys.path.insert(0, '../util')\n",
    "from phantom_registration import manual_registration, draw_registration_result\n",
    "from Solver import solver\n",
    "sol = solver()"
   ]
  },
  {
   "cell_type": "code",
   "execution_count": 56,
   "metadata": {},
   "outputs": [
    {
     "ename": "FileNotFoundError",
     "evalue": "[Errno 2] No such file or directory: '/home/shc/Desktop/data/0308/opti_2/disp/150.npy'",
     "output_type": "error",
     "traceback": [
      "\u001b[0;31m---------------------------------------------------------------------------\u001b[0m",
      "\u001b[0;31mFileNotFoundError\u001b[0m                         Traceback (most recent call last)",
      "\u001b[1;32m/home/shc/RoboMaster/post_optimization/data_preparation.ipynb Cell 2\u001b[0m in \u001b[0;36m<cell line: 3>\u001b[0;34m()\u001b[0m\n\u001b[1;32m      <a href='vscode-notebook-cell:/home/shc/RoboMaster/post_optimization/data_preparation.ipynb#W1sZmlsZQ%3D%3D?line=0'>1</a>\u001b[0m \u001b[39m#test\u001b[39;00m\n\u001b[1;32m      <a href='vscode-notebook-cell:/home/shc/RoboMaster/post_optimization/data_preparation.ipynb#W1sZmlsZQ%3D%3D?line=1'>2</a>\u001b[0m depth_threshold \u001b[39m=\u001b[39m \u001b[39m0.3\u001b[39m\u001b[39m# meters\u001b[39;00m\n\u001b[0;32m----> <a href='vscode-notebook-cell:/home/shc/RoboMaster/post_optimization/data_preparation.ipynb#W1sZmlsZQ%3D%3D?line=2'>3</a>\u001b[0m disp \u001b[39m=\u001b[39m np\u001b[39m.\u001b[39;49mload(\u001b[39m'\u001b[39;49m\u001b[39m/home/shc/Desktop/data/0308/opti_2/disp/150.npy\u001b[39;49m\u001b[39m'\u001b[39;49m)\n\u001b[1;32m      <a href='vscode-notebook-cell:/home/shc/RoboMaster/post_optimization/data_preparation.ipynb#W1sZmlsZQ%3D%3D?line=3'>4</a>\u001b[0m Q \u001b[39m=\u001b[39m np\u001b[39m.\u001b[39mload(\u001b[39m'\u001b[39m\u001b[39m../params/Q.npy\u001b[39m\u001b[39m'\u001b[39m)\n\u001b[1;32m      <a href='vscode-notebook-cell:/home/shc/RoboMaster/post_optimization/data_preparation.ipynb#W1sZmlsZQ%3D%3D?line=4'>5</a>\u001b[0m disp \u001b[39m=\u001b[39m cv2\u001b[39m.\u001b[39mflip(disp, \u001b[39m1\u001b[39m)\n",
      "File \u001b[0;32m~/.local/lib/python3.8/site-packages/numpy/lib/npyio.py:390\u001b[0m, in \u001b[0;36mload\u001b[0;34m(file, mmap_mode, allow_pickle, fix_imports, encoding)\u001b[0m\n\u001b[1;32m    388\u001b[0m     own_fid \u001b[39m=\u001b[39m \u001b[39mFalse\u001b[39;00m\n\u001b[1;32m    389\u001b[0m \u001b[39melse\u001b[39;00m:\n\u001b[0;32m--> 390\u001b[0m     fid \u001b[39m=\u001b[39m stack\u001b[39m.\u001b[39menter_context(\u001b[39mopen\u001b[39;49m(os_fspath(file), \u001b[39m\"\u001b[39;49m\u001b[39mrb\u001b[39;49m\u001b[39m\"\u001b[39;49m))\n\u001b[1;32m    391\u001b[0m     own_fid \u001b[39m=\u001b[39m \u001b[39mTrue\u001b[39;00m\n\u001b[1;32m    393\u001b[0m \u001b[39m# Code to distinguish from NumPy binary files and pickles.\u001b[39;00m\n",
      "\u001b[0;31mFileNotFoundError\u001b[0m: [Errno 2] No such file or directory: '/home/shc/Desktop/data/0308/opti_2/disp/150.npy'"
     ]
    }
   ],
   "source": [
    "#test\n",
    "depth_threshold = 0.3# meters\n",
    "disp = np.load('/home/shc/Desktop/data/0308/opti_3/disp/150.npy')\n",
    "Q = np.load('../params/Q.npy')\n",
    "disp = cv2.flip(disp, 1)\n",
    "\n",
    "point_cloud = cv2.reprojectImageTo3D(disp, Q)\n",
    "point_cloud = point_cloud.reshape(-1, 3)\n",
    "\n",
    "# Filter out the points beyond the depth threshold\n",
    "filtered_point_cloud = point_cloud[abs(point_cloud[:, 2]) < abs(depth_threshold)]\n",
    "\n",
    "pcd = o3d.geometry.PointCloud()\n",
    "pcd.points = o3d.utility.Vector3dVector(filtered_point_cloud)\n",
    "o3d.visualization.draw_geometries([pcd])"
   ]
  },
  {
   "cell_type": "code",
   "execution_count": 124,
   "metadata": {},
   "outputs": [],
   "source": [
    "# pcd = o3d.io.read_point_cloud('../data/phantom_point-cloud_data/phacon_exp_3.ply')\n",
    "pcd_ = o3d.io.read_point_cloud('/home/shc/Desktop/data/0308/opti_3/zed_pointcloud/30.ply')\n",
    "pcd_c = o3d.io.read_point_cloud('/home/shc/Desktop/data/0308/opti_3/cres_pointcloud/30.ply')\n",
    "\n",
    "o3d.visualization.draw_geometries([pcd_, pcd_c])"
   ]
  },
  {
   "attachments": {},
   "cell_type": "markdown",
   "metadata": {},
   "source": [
    "Path of data"
   ]
  },
  {
   "cell_type": "code",
   "execution_count": 4,
   "metadata": {},
   "outputs": [],
   "source": [
    "# disparity_dir = '../../optimization_data/disp'\n",
    "# save_dir = '../../optimization_data/pointcloud'\n",
    "\n",
    "opti_dir = '/home/shc/Desktop/data/0308/opti_3/'\n",
    "disparity_dir = os.path.join(opti_dir, 'disp')\n",
    "save_dir = os.path.join(opti_dir, '/cres_pointcloud')\n",
    "Q = np.load('../params/Q.npy')"
   ]
  },
  {
   "attachments": {},
   "cell_type": "markdown",
   "metadata": {},
   "source": [
    "**Generate cres pointcloud from the disparity maps and filter the pointcloud by depth.**"
   ]
  },
  {
   "cell_type": "code",
   "execution_count": null,
   "metadata": {},
   "outputs": [],
   "source": [
    "\n",
    "count = 0\n",
    "start = time.time()\n",
    "# Define the depth threshold\n",
    "depth_threshold = 300 /1000 # meters\n",
    "\n",
    "# Sequence of images from the left/right dir\n",
    "disparities = natsorted([os.path.join(disparity_dir, f) for f in os.listdir(disparity_dir) if \".npy\" in f])\n",
    "\n",
    "for disp_map in disparities:\n",
    "    disp = np.load(disp_map)\n",
    "    disp = cv2.flip(disp, 1)\n",
    "    point_cloud = cv2.reprojectImageTo3D(disp, Q)\n",
    "    point_cloud = point_cloud.reshape(-1, 3)\n",
    "\n",
    "    # Filter out the points beyond the depth threshold\n",
    "    filtered_point_cloud = point_cloud[abs(point_cloud[:, 2]) < abs(depth_threshold)]\n",
    "\n",
    "    pcd = o3d.geometry.PointCloud()\n",
    "    pcd.points = o3d.utility.Vector3dVector(filtered_point_cloud)\n",
    "    \n",
    "    # # Radius outlier removal:\n",
    "    # pcd_rad, ind_rad = pcd.remove_radius_outlier(nb_points=16, radius=0.05)\n",
    "    # outlier_rad_pcd = pcd.select_by_index(ind_rad, invert=True)\n",
    "    # outlier_rad_pcd.paint_uniform_color([1., 0., 1.])\n",
    "\n",
    "    # Statistical outlier removal:\n",
    "    pcd_stat, ind_stat = pcd.remove_statistical_outlier(nb_neighbors=20,\n",
    "                                                 std_ratio=2.0)\n",
    "    \n",
    "    outlier_stat_pcd = pcd.select_by_index(ind_stat, invert=True)\n",
    "    outlier_stat_pcd.paint_uniform_color([0., 0., 1.])\n",
    "\n",
    "    # o3d.visualization.draw_geometries([pcd_stat])\n",
    "\n",
    "    save_path = os.path.join(save_dir, f'{count}.ply')\n",
    "    o3d.io.write_point_cloud(save_path, pcd_stat)\n",
    "    print('Finished saving: '+f'{count}.ply')\n",
    "    \n",
    "    count += 1\n",
    "end = time.time()\n",
    "print(f'Done with pointcloud saving in {end - start}s')"
   ]
  },
  {
   "attachments": {},
   "cell_type": "markdown",
   "metadata": {},
   "source": [
    "Filter ZED pointcloud"
   ]
  },
  {
   "cell_type": "code",
   "execution_count": 17,
   "metadata": {},
   "outputs": [
    {
     "name": "stdout",
     "output_type": "stream",
     "text": [
      "Finished saving: 0.ply\n",
      "Finished saving: 1.ply\n",
      "Finished saving: 2.ply\n",
      "Finished saving: 3.ply\n",
      "Finished saving: 4.ply\n",
      "Finished saving: 5.ply\n",
      "Finished saving: 6.ply\n",
      "Finished saving: 7.ply\n",
      "Finished saving: 8.ply\n",
      "Finished saving: 9.ply\n",
      "Finished saving: 10.ply\n",
      "Finished saving: 11.ply\n",
      "Finished saving: 12.ply\n",
      "Finished saving: 13.ply\n",
      "Finished saving: 14.ply\n",
      "Finished saving: 15.ply\n",
      "Finished saving: 16.ply\n",
      "Finished saving: 17.ply\n",
      "Finished saving: 18.ply\n",
      "Finished saving: 19.ply\n",
      "Finished saving: 20.ply\n",
      "Finished saving: 21.ply\n",
      "Finished saving: 22.ply\n",
      "Finished saving: 23.ply\n",
      "Finished saving: 24.ply\n",
      "Finished saving: 25.ply\n",
      "Finished saving: 26.ply\n",
      "Finished saving: 27.ply\n",
      "Finished saving: 28.ply\n",
      "Finished saving: 29.ply\n",
      "Finished saving: 30.ply\n",
      "Finished saving: 31.ply\n",
      "Finished saving: 32.ply\n",
      "Finished saving: 33.ply\n",
      "Finished saving: 34.ply\n",
      "Finished saving: 35.ply\n",
      "Finished saving: 36.ply\n",
      "Finished saving: 37.ply\n",
      "Finished saving: 38.ply\n",
      "Finished saving: 39.ply\n",
      "Finished saving: 40.ply\n",
      "Finished saving: 41.ply\n",
      "Finished saving: 42.ply\n",
      "Finished saving: 43.ply\n",
      "Finished saving: 44.ply\n",
      "Finished saving: 45.ply\n",
      "Finished saving: 46.ply\n",
      "Finished saving: 47.ply\n",
      "Finished saving: 48.ply\n",
      "Finished saving: 49.ply\n",
      "Finished saving: 50.ply\n",
      "Finished saving: 51.ply\n",
      "Finished saving: 52.ply\n",
      "Finished saving: 53.ply\n",
      "Finished saving: 54.ply\n",
      "Finished saving: 55.ply\n",
      "Finished saving: 56.ply\n",
      "Finished saving: 57.ply\n",
      "Finished saving: 58.ply\n",
      "Finished saving: 59.ply\n",
      "Finished saving: 60.ply\n",
      "Finished saving: 61.ply\n",
      "Finished saving: 62.ply\n",
      "Finished saving: 63.ply\n",
      "Finished saving: 64.ply\n",
      "Finished saving: 65.ply\n",
      "Finished saving: 66.ply\n",
      "Finished saving: 67.ply\n",
      "Finished saving: 68.ply\n",
      "Finished saving: 69.ply\n",
      "Finished saving: 70.ply\n",
      "Finished saving: 71.ply\n",
      "Finished saving: 72.ply\n",
      "Finished saving: 73.ply\n",
      "Finished saving: 74.ply\n",
      "Finished saving: 75.ply\n",
      "Finished saving: 76.ply\n",
      "Finished saving: 77.ply\n",
      "Finished saving: 78.ply\n",
      "Finished saving: 79.ply\n",
      "Finished saving: 80.ply\n",
      "Finished saving: 81.ply\n",
      "Finished saving: 82.ply\n",
      "Finished saving: 83.ply\n",
      "Finished saving: 84.ply\n",
      "Finished saving: 85.ply\n",
      "Finished saving: 86.ply\n",
      "Finished saving: 87.ply\n",
      "Finished saving: 88.ply\n",
      "Finished saving: 89.ply\n",
      "Finished saving: 90.ply\n",
      "Finished saving: 91.ply\n",
      "Finished saving: 92.ply\n",
      "Finished saving: 93.ply\n",
      "Finished saving: 94.ply\n",
      "Finished saving: 95.ply\n",
      "Finished saving: 96.ply\n",
      "Finished saving: 97.ply\n",
      "Finished saving: 98.ply\n",
      "Finished saving: 99.ply\n",
      "Finished saving: 100.ply\n",
      "Finished saving: 101.ply\n",
      "Finished saving: 102.ply\n",
      "Finished saving: 103.ply\n",
      "Finished saving: 104.ply\n",
      "Finished saving: 105.ply\n",
      "Finished saving: 106.ply\n",
      "Finished saving: 107.ply\n",
      "Finished saving: 108.ply\n",
      "Finished saving: 109.ply\n",
      "Finished saving: 110.ply\n",
      "Finished saving: 111.ply\n",
      "Finished saving: 112.ply\n",
      "Finished saving: 113.ply\n",
      "Finished saving: 114.ply\n",
      "Finished saving: 115.ply\n",
      "Finished saving: 116.ply\n",
      "Finished saving: 117.ply\n",
      "Finished saving: 118.ply\n",
      "Finished saving: 119.ply\n",
      "Finished saving: 120.ply\n",
      "Finished saving: 121.ply\n",
      "Finished saving: 122.ply\n",
      "Finished saving: 123.ply\n",
      "Finished saving: 124.ply\n",
      "Finished saving: 125.ply\n",
      "Finished saving: 126.ply\n",
      "Finished saving: 127.ply\n",
      "Finished saving: 128.ply\n",
      "Finished saving: 129.ply\n"
     ]
    },
    {
     "ename": "KeyboardInterrupt",
     "evalue": "",
     "output_type": "error",
     "traceback": [
      "\u001b[0;31m---------------------------------------------------------------------------\u001b[0m",
      "\u001b[0;31mKeyboardInterrupt\u001b[0m                         Traceback (most recent call last)",
      "\u001b[1;32m/home/shc/RoboMaster/post_optimization/data_preparation.ipynb Cell 9\u001b[0m in \u001b[0;36m<cell line: 8>\u001b[0;34m()\u001b[0m\n\u001b[1;32m     <a href='vscode-notebook-cell:/home/shc/RoboMaster/post_optimization/data_preparation.ipynb#X11sZmlsZQ%3D%3D?line=26'>27</a>\u001b[0m \u001b[39mif\u001b[39;00m count \u001b[39m>\u001b[39m \u001b[39m128\u001b[39m:\n\u001b[1;32m     <a href='vscode-notebook-cell:/home/shc/RoboMaster/post_optimization/data_preparation.ipynb#X11sZmlsZQ%3D%3D?line=27'>28</a>\u001b[0m     o3d\u001b[39m.\u001b[39mio\u001b[39m.\u001b[39mwrite_point_cloud(save_path, pcd_zed)\n\u001b[0;32m---> <a href='vscode-notebook-cell:/home/shc/RoboMaster/post_optimization/data_preparation.ipynb#X11sZmlsZQ%3D%3D?line=28'>29</a>\u001b[0m     o3d\u001b[39m.\u001b[39;49mvisualization\u001b[39m.\u001b[39;49mdraw_geometries([pcd_zed])\n",
      "\u001b[0;31mKeyboardInterrupt\u001b[0m: "
     ]
    }
   ],
   "source": [
    "pointcloud_dir = '/home/shc/Desktop/data/0308/opti_3/zed_pointcloud/'\n",
    "save_dir = pointcloud_dir\n",
    "\n",
    "depth_threshold = 0.3\n",
    "count = 0\n",
    "\n",
    "pointclouds = natsorted([os.path.join(pointcloud_dir, f) for f in os.listdir(pointcloud_dir) if \".ply\" in f])\n",
    "for pointcloud in pointclouds:\n",
    "\n",
    "    pcd_zed = o3d.io.read_point_cloud(os.path.join(pointcloud_dir, pointcloud))\n",
    "\n",
    "    # Statistical outlier removal:  \n",
    "    pcd_zed, ind_stat = pcd_zed.remove_statistical_outlier(nb_neighbors=20,\n",
    "                                                std_ratio=2.0)\n",
    "    \n",
    "    np_pcd_zed = np.asarray(pcd_zed.points)\n",
    "\n",
    "    distances = np.sqrt(np.sum(np_pcd_zed**2, axis=1))\n",
    "    filtered_point_cloud = np_pcd_zed[distances <= depth_threshold]\n",
    "    # filtered_point_cloud = np_pcd_zed[abs(np_pcd_zed[:, 2]) < abs(depth_threshold)]\n",
    "\n",
    "    pcd_zed.points = o3d.utility.Vector3dVector(filtered_point_cloud)\n",
    "    save_path = os.path.join(save_dir, pointcloud)\n",
    "    # o3d.io.write_point_cloud(save_path, pcd_zed)\n",
    "    print('Finished saving: '+f'{count}.ply')\n",
    "    count += 1\n",
    "    if count > 128:\n",
    "        o3d.io.write_point_cloud(save_path, pcd_zed)\n",
    "        o3d.visualization.draw_geometries([pcd_zed])"
   ]
  },
  {
   "attachments": {},
   "cell_type": "markdown",
   "metadata": {},
   "source": [
    "**Do phantom registration for all pointcloud**"
   ]
  },
  {
   "cell_type": "code",
   "execution_count": 7,
   "metadata": {},
   "outputs": [],
   "source": [
    "def phantom_registration(pointcloud_dir, T_c_p_path):\n",
    "\n",
    "    pcd_source_init = o3d.io.read_point_cloud(os.path.join(pointcloud_dir, \"0.ply\"))\n",
    "    pcd_target = o3d.io.read_point_cloud(\"../data/phantom_point-cloud_data/phacon_exp_3.ply\")\n",
    "    pcd_target = pcd_target.voxel_down_sample(voxel_size=0.001)\n",
    "    cam2ph_list = []\n",
    "    count = 0\n",
    "\n",
    "    # manual registration to initialize\n",
    "    init_result = manual_registration(pcd_source_init, pcd_target)\n",
    "    # draw_registration_result(pcd_source_init, pcd_target, result.transformation)\n",
    "\n",
    "    pointclouds = natsorted([os.path.join(pointcloud_dir, f) for f in os.listdir(pointcloud_dir) if \".ply\" in f])\n",
    "    # pointclouds = pointclouds[15:]\n",
    "    print(\"Apply point-to-plane ICP\")\n",
    "\n",
    "    loss = o3d.pipelines.registration.TukeyLoss(k=0.1)\n",
    "\n",
    "    for pointcloud in pointclouds:\n",
    "        pcd_source = o3d.io.read_point_cloud(pointcloud)\n",
    "        \n",
    "        threshold = 1.0\n",
    "\n",
    "        trans_init_icp = init_result.transformation\n",
    "\n",
    "        result = o3d.pipelines.registration.registration_icp(\n",
    "            pcd_source, pcd_target, threshold, trans_init_icp,\n",
    "            o3d.pipelines.registration.TransformationEstimationPointToPlane(loss))\n",
    "\n",
    "        print(f\"Transformation is ({count}):\")\n",
    "        print(result.transformation)\n",
    "        print(count)\n",
    "        draw_registration_result(pcd_source, pcd_target, result.transformation)\n",
    "        ph2cam = result.transformation\n",
    "        cam2ph = sol.invTransformation(ph2cam)\n",
    "        cam2ph[:3, 3] = cam2ph[:3, 3]*1000\n",
    "        cam2ph_list.append(cam2ph)\n",
    "        \n",
    "        init_result = result\n",
    "        count += 1\n",
    "\n",
    "        # # print(T_o_p.shape)\n",
    "        # if count == 30:\n",
    "        #     break\n",
    "    T_c_p = np.array(cam2ph_list)\n",
    "    np.save(f'../data/post_optimization_data/{T_c_p_path}', T_c_p)\n"
   ]
  },
  {
   "cell_type": "code",
   "execution_count": 8,
   "metadata": {},
   "outputs": [
    {
     "name": "stdout",
     "output_type": "stream",
     "text": [
      "Visualization of two point clouds before manual alignment\n",
      "\n",
      "1) Please pick at least three correspondences using [shift + left click]\n",
      "   Press [shift + right click] to undo point picking\n",
      "2) After picking points, press 'Q' to close the window\n",
      "[Open3D INFO] Picked point #15488 (-0.012, -0.044, -0.27) to add in queue.\n",
      "[Open3D INFO] Picked point #9421 (0.011, -0.034, -0.28) to add in queue.\n",
      "[Open3D INFO] Picked point #19890 (0.019, -0.052, -0.27) to add in queue.\n",
      "\n",
      "\n",
      "1) Please pick at least three correspondences using [shift + left click]\n",
      "   Press [shift + right click] to undo point picking\n",
      "2) After picking points, press 'Q' to close the window\n",
      "[Open3D INFO] Picked point #31921 (-0.02, 0.0023, 0.0059) to add in queue.\n",
      "[Open3D INFO] Picked point #2287 (0.0057, 0.012, 0.0017) to add in queue.\n",
      "[Open3D INFO] Picked point #26320 (0.0051, 0.0074, 0.024) to add in queue.\n",
      "\n",
      "Compute a rough transform using the correspondences given by user\n",
      "Perform point-to-point ICP refinement\n",
      "\n",
      "Apply point-to-plane ICP\n",
      "Transformation is (0):\n",
      "[[ 0.8675791   0.01898769 -0.49693659 -0.14288182]\n",
      " [ 0.29268353  0.78837819  0.54110644  0.18737287]\n",
      " [ 0.40204833 -0.61489779  0.67842306  0.16381527]\n",
      " [ 0.          0.          0.          1.        ]]\n",
      "0\n",
      "Transformation is (1):\n",
      "[[ 0.85628488  0.02177578 -0.51604459 -0.14789193]\n",
      " [ 0.30139165  0.79030915  0.53345527  0.18747627]\n",
      " [ 0.41945117 -0.61232121  0.67016674  0.16234863]\n",
      " [ 0.          0.          0.          1.        ]]\n",
      "1\n",
      "Transformation is (2):\n",
      "[[ 0.83576201  0.03599398 -0.54791085 -0.15384423]\n",
      " [ 0.30592016  0.79811032  0.51906914  0.18738496]\n",
      " [ 0.45597667 -0.60143524  0.656019    0.16067976]\n",
      " [ 0.          0.          0.          1.        ]]\n",
      "2\n",
      "Transformation is (3):\n",
      "[[ 0.82914137  0.03149993 -0.55815083 -0.15697964]\n",
      " [ 0.31558837  0.79773448  0.51383235  0.18805867]\n",
      " [ 0.46144184 -0.60218556  0.65149365  0.16006616]\n",
      " [ 0.          0.          0.          1.        ]]\n",
      "3\n",
      "Transformation is (4):\n",
      "[[ 0.81725898  0.02685799 -0.57564434 -0.16259858]\n",
      " [ 0.33678672  0.78830568  0.51492607  0.18721333]\n",
      " [ 0.46761359 -0.61469732  0.63520449  0.15839549]\n",
      " [ 0.          0.          0.          1.        ]]\n",
      "4\n",
      "Transformation is (5):\n",
      "[[ 0.8046735   0.03282904 -0.59280926 -0.16856596]\n",
      " [ 0.3504051   0.77977105  0.51881922  0.18636994]\n",
      " [ 0.47928783 -0.62520346  0.61595763  0.15512873]\n",
      " [ 0.          0.          0.          1.        ]]\n",
      "5\n",
      "Transformation is (6):\n",
      "[[ 0.78507996  0.02720659 -0.61879662 -0.17474014]\n",
      " [ 0.38523033  0.76085643  0.52220214  0.1844305 ]\n",
      " [ 0.48502273 -0.64834966  0.58685234  0.15287093]\n",
      " [ 0.          0.          0.          1.        ]]\n",
      "6\n",
      "Transformation is (7):\n",
      "[[ 0.75469617  0.06261683 -0.65307949 -0.18194248]\n",
      " [ 0.38857365  0.75939997  0.521845    0.18346837]\n",
      " [ 0.52862483 -0.64760391  0.548785    0.14818707]\n",
      " [ 0.          0.          0.          1.        ]]\n",
      "7\n",
      "Transformation is (8):\n",
      "[[ 0.73763349  0.06969634 -0.67159457 -0.18711625]\n",
      " [ 0.39553225  0.76152393  0.51345452  0.18212938]\n",
      " [ 0.54722123 -0.64437855  0.5341584   0.14367185]\n",
      " [ 0.          0.          0.          1.        ]]\n",
      "8\n",
      "Transformation is (9):\n",
      "[[ 0.73443255  0.1016358  -0.67102832 -0.18890325]\n",
      " [ 0.38638023  0.75023663  0.5365215   0.18554229]\n",
      " [ 0.55795981 -0.65331093  0.51172813  0.13601853]\n",
      " [ 0.          0.          0.          1.        ]]\n",
      "9\n",
      "Transformation is (10):\n",
      "[[ 0.72827985  0.09351475 -0.67886924 -0.19412051]\n",
      " [ 0.40043112  0.74585056  0.53231745  0.1829899 ]\n",
      " [ 0.55611454 -0.65951644  0.50574172  0.13089895]\n",
      " [ 0.          0.          0.          1.        ]]\n",
      "10\n",
      "Transformation is (11):\n",
      "[[ 0.72854778  0.10314359 -0.67718501 -0.19418434]\n",
      " [ 0.40000606  0.73846988  0.54282354  0.18523102]\n",
      " [ 0.5560695  -0.66635099  0.49675253  0.12368733]\n",
      " [ 0.          0.          0.          1.        ]]\n",
      "11\n",
      "Transformation is (12):\n",
      "[[ 0.71710899  0.09949486 -0.68982278 -0.19839091]\n",
      " [ 0.41824238  0.73030407  0.54011969  0.18366159]\n",
      " [ 0.55751952 -0.67583781  0.48209465  0.11601025]\n",
      " [ 0.          0.          0.          1.        ]]\n",
      "12\n",
      "Transformation is (13):\n",
      "[[ 0.71044387  0.09975568 -0.69664791 -0.20186031]\n",
      " [ 0.42951456  0.72269538  0.5415059   0.18407316]\n",
      " [ 0.55748252 -0.68392997  0.47058798  0.10576625]\n",
      " [ 0.          0.          0.          1.        ]]\n",
      "13\n",
      "Transformation is (14):\n",
      "[[ 0.70616607  0.1111717  -0.69926413 -0.20371338]\n",
      " [ 0.43614642  0.70968814  0.55328026  0.18598784]\n",
      " [ 0.55776857 -0.69568929  0.45267055  0.09525305]\n",
      " [ 0.          0.          0.          1.        ]]\n",
      "14\n",
      "Transformation is (15):\n",
      "[[ 0.69060482  0.14420042 -0.70871095 -0.20540828]\n",
      " [ 0.43552187  0.69940626  0.56670238  0.18887951]\n",
      " [ 0.5773956  -0.70002651  0.4202109   0.0843681 ]\n",
      " [ 0.          0.          0.          1.        ]]\n",
      "15\n",
      "Transformation is (16):\n",
      "[[ 0.6694271   0.16820969 -0.72358334 -0.20825663]\n",
      " [ 0.45245219  0.68021043  0.57671552  0.19143223]\n",
      " [ 0.58919808 -0.71345586  0.37924446  0.07280398]\n",
      " [ 0.          0.          0.          1.        ]]\n",
      "16\n",
      "Transformation is (17):\n",
      "[[ 0.64527883  0.19507333 -0.73862144 -0.21190751]\n",
      " [ 0.46585812  0.66579986  0.58282653  0.19265034]\n",
      " [ 0.60546796 -0.72017842  0.33875006  0.06471123]\n",
      " [ 0.          0.          0.          1.        ]]\n",
      "17\n",
      "Transformation is (18):\n",
      "[[ 0.61323827  0.20271508 -0.76344313 -0.22067513]\n",
      " [ 0.50851471  0.63827286  0.5779451   0.18756925]\n",
      " [ 0.60444322 -0.74264012  0.28832974  0.05533212]\n",
      " [ 0.          0.          0.          1.        ]]\n",
      "18\n",
      "Transformation is (19):\n",
      "[[ 0.61044559  0.21852806 -0.76131575 -0.22017727]\n",
      " [ 0.50887927  0.62835514  0.58839757  0.19004491]\n",
      " [ 0.60695804 -0.74660251  0.27237223  0.04972219]\n",
      " [ 0.          0.          0.          1.        ]]\n",
      "19\n",
      "Transformation is (20):\n",
      "[[ 0.55694136  0.30316929 -0.77324298 -0.22358402]\n",
      " [ 0.53709924  0.57866539  0.6137351   0.19379216]\n",
      " [ 0.63351458 -0.75712267  0.1594507   0.02127493]\n",
      " [ 0.          0.          0.          1.        ]]\n",
      "20\n",
      "Transformation is (21):\n",
      "[[ 0.56754566  0.28414808 -0.77275597 -0.22474458]\n",
      " [ 0.52794109  0.59461847  0.60638855  0.19212424]\n",
      " [ 0.63179912 -0.75212282  0.18745969  0.02925835]\n",
      " [ 0.          0.          0.          1.        ]]\n",
      "21\n",
      "Transformation is (22):\n",
      "[[ 0.56913578  0.27576073 -0.7746228  -0.22504071]\n",
      " [ 0.52341696  0.60504671  0.59996097  0.19091008]\n",
      " [ 0.63412865 -0.74690997  0.20001589  0.03492014]\n",
      " [ 0.          0.          0.          1.        ]]\n",
      "22\n",
      "Transformation is (23):\n",
      "[[ 0.58496643  0.2503857  -0.77144104 -0.22413952]\n",
      " [ 0.51712975  0.61759637  0.59258041  0.18933484]\n",
      " [ 0.62481284 -0.74557476  0.23179125  0.04245145]\n",
      " [ 0.          0.          0.          1.        ]]\n",
      "23\n",
      "Transformation is (24):\n",
      "[[ 0.55221983  0.31310714 -0.77266887 -0.22256616]\n",
      " [ 0.5536767   0.5551617   0.62067512  0.19243239]\n",
      " [ 0.62329397 -0.77055786  0.13321117  0.01625119]\n",
      " [ 0.          0.          0.          1.        ]]\n",
      "24\n",
      "Transformation is (25):\n",
      "[[ 0.56642314  0.3359881  -0.75251367 -0.21338556]\n",
      " [ 0.52319779  0.55889196  0.6433536   0.19190176]\n",
      " [ 0.63673299 -0.75812385  0.14078111  0.01402706]\n",
      " [ 0.          0.          0.          1.        ]]\n",
      "25\n",
      "Transformation is (26):\n",
      "[[ 0.60369441  0.30779835 -0.73540006 -0.20888365]\n",
      " [ 0.50838559  0.56191997  0.65252589  0.17832207]\n",
      " [ 0.61408237 -0.76779302  0.1827477   0.01575796]\n",
      " [ 0.          0.          0.          1.        ]]\n",
      "26\n",
      "Transformation is (27):\n",
      "[[ 0.61752343  0.31665561 -0.71999586 -0.20231067]\n",
      " [ 0.52686215  0.51315223  0.67756259  0.16945382]\n",
      " [ 0.58402148 -0.79774934  0.15004966  0.00698753]\n",
      " [ 0.          0.          0.          1.        ]]\n",
      "27\n",
      "Transformation is (28):\n",
      "[[ 0.61745079  0.35656921 -0.70115114 -0.19474689]\n",
      " [ 0.52254158  0.48033379  0.70443577  0.1645231 ]\n",
      " [ 0.58796669 -0.80133504  0.11026024  0.00440425]\n",
      " [ 0.          0.          0.          1.        ]]\n",
      "28\n",
      "Transformation is (29):\n",
      "[[ 6.15965137e-01  4.00159680e-01 -6.78571426e-01 -1.87439267e-01]\n",
      " [ 5.08249873e-01  4.56258778e-01  7.30417685e-01  1.68147065e-01]\n",
      " [ 6.01887877e-01 -7.94795670e-01  7.76583940e-02 -1.98067837e-04]\n",
      " [ 0.00000000e+00  0.00000000e+00  0.00000000e+00  1.00000000e+00]]\n",
      "29\n",
      "Transformation is (30):\n",
      "[[ 0.60340562  0.42073725 -0.67740816 -0.1859291 ]\n",
      " [ 0.51526677  0.44261798  0.73388656  0.16626135]\n",
      " [ 0.60860645 -0.79187719  0.05028625 -0.00266598]\n",
      " [ 0.          0.          0.          1.        ]]\n",
      "30\n",
      "Transformation is (31):\n",
      "[[ 0.59266333  0.46101627 -0.66046512 -0.17968491]\n",
      " [ 0.50975301  0.42019383  0.75072566  0.16757513]\n",
      " [ 0.62362011 -0.78160165  0.01402904 -0.0074598 ]\n",
      " [ 0.          0.          0.          1.        ]]\n",
      "31\n",
      "Transformation is (32):\n",
      "[[ 0.5832466   0.48140822 -0.65427023 -0.17632775]\n",
      " [ 0.5139126   0.40507718  0.75617876  0.16763232]\n",
      " [ 0.62906061 -0.7772764  -0.01114186 -0.01368391]\n",
      " [ 0.          0.          0.          1.        ]]\n",
      "32\n",
      "Transformation is (33):\n",
      "[[ 0.58171912  0.50496149 -0.63766509 -0.17081074]\n",
      " [ 0.50703118  0.38789116  0.76971413  0.17053498]\n",
      " [ 0.63602064 -0.7710735  -0.03038752 -0.0175916 ]\n",
      " [ 0.          0.          0.          1.        ]]\n",
      "33\n",
      "Transformation is (34):\n",
      "[[ 0.58174958  0.51717521 -0.62777163 -0.16677362]\n",
      " [ 0.508074    0.37165223  0.77700414  0.17310777]\n",
      " [ 0.63516001 -0.77097628 -0.04655475 -0.02270721]\n",
      " [ 0.          0.          0.          1.        ]]\n",
      "34\n",
      "Transformation is (35):\n",
      "[[ 0.57982581  0.54225622 -0.60807912 -0.16049498]\n",
      " [ 0.49303156  0.36065383  0.79173777  0.1769882 ]\n",
      " [ 0.6486308  -0.75887219 -0.05823303 -0.02703223]\n",
      " [ 0.          0.          0.          1.        ]]\n",
      "35\n",
      "Transformation is (36):\n",
      "[[ 0.58067344  0.55319803 -0.59731926 -0.15693384]\n",
      " [ 0.49774743  0.3393636   0.79817281  0.1777609 ]\n",
      " [ 0.64425604 -0.76079188 -0.07829347 -0.03505062]\n",
      " [ 0.          0.          0.          1.        ]]\n",
      "36\n",
      "Transformation is (37):\n",
      "[[ 0.57828064  0.579788   -0.57396636 -0.14924499]\n",
      " [ 0.48706107  0.31904838  0.81300655  0.18036641]\n",
      " [ 0.65449447 -0.74970262 -0.09789266 -0.04104504]\n",
      " [ 0.          0.          0.          1.        ]]\n",
      "37\n",
      "Transformation is (38):\n",
      "[[ 0.58119949  0.59982451 -0.54992519 -0.14146415]\n",
      " [ 0.46869942  0.30568772  0.82877975  0.18301717]\n",
      " [ 0.66522778 -0.73943599 -0.10347185 -0.04712085]\n",
      " [ 0.          0.          0.          1.        ]]\n",
      "38\n",
      "Transformation is (39):\n",
      "[[ 0.59357571  0.59738472 -0.53925816 -0.1376854 ]\n",
      " [ 0.46869874  0.28809551  0.83505837  0.18348092]\n",
      " [ 0.65420896 -0.74841998 -0.10898697 -0.05373524]\n",
      " [ 0.          0.          0.          1.        ]]\n",
      "39\n",
      "Transformation is (40):\n",
      "[[ 0.60379917  0.61132542 -0.51157385 -0.1298874 ]\n",
      " [ 0.46561513  0.25042926  0.84881549  0.18533754]\n",
      " [ 0.64701554 -0.75071061 -0.13343339 -0.06095089]\n",
      " [ 0.          0.          0.          1.        ]]\n",
      "40\n",
      "Transformation is (41):\n",
      "[[ 0.61670206  0.61879953 -0.48658578 -0.12249734]\n",
      " [ 0.46269475  0.21513792  0.860017    0.18491268]\n",
      " [ 0.63686117 -0.75551494 -0.1536393  -0.06417114]\n",
      " [ 0.          0.          0.          1.        ]]\n",
      "41\n",
      "Transformation is (42):\n",
      "[[ 0.6389631   0.62314759 -0.45101357 -0.11462482]\n",
      " [ 0.43953482  0.18541426  0.87888037  0.18333014]\n",
      " [ 0.63129653 -0.75980829 -0.15542219 -0.06422505]\n",
      " [ 0.          0.          0.          1.        ]]\n",
      "42\n",
      "Transformation is (43):\n",
      "[[ 0.66379048  0.61933115 -0.41929838 -0.10724134]\n",
      " [ 0.42864786  0.1443863   0.89185964  0.18085284]\n",
      " [ 0.61289739 -0.77173929 -0.16963272 -0.06501092]\n",
      " [ 0.          0.          0.          1.        ]]\n",
      "43\n",
      "Transformation is (44):\n",
      "[[ 0.67916664  0.5996112  -0.42331913 -0.10550986]\n",
      " [ 0.43697229  0.13308175  0.88957544  0.17660823]\n",
      " [ 0.58973545 -0.78914869 -0.17162879 -0.05999272]\n",
      " [ 0.          0.          0.          1.        ]]\n",
      "44\n",
      "Transformation is (45):\n",
      "[[ 0.69215576  0.61961245 -0.37013621 -0.09308459]\n",
      " [ 0.40924812  0.08549161  0.90840914  0.17879562]\n",
      " [ 0.59450515 -0.78023816 -0.19440173 -0.06201566]\n",
      " [ 0.          0.          0.          1.        ]]\n",
      "45\n",
      "Transformation is (46):\n",
      "[[ 0.69992338  0.62201319 -0.35100833 -0.0865973 ]\n",
      " [ 0.39463481  0.07281419  0.91594839  0.179072  ]\n",
      " [ 0.59529037 -0.77961381 -0.19450371 -0.05913669]\n",
      " [ 0.          0.          0.          1.        ]]\n",
      "46\n",
      "Transformation is (47):\n",
      "[[ 0.72453528  0.59684358 -0.34471201 -0.08428875]\n",
      " [ 0.39029694  0.05693493  0.91892694  0.17877771]\n",
      " [ 0.56808179 -0.80033503 -0.19169486 -0.05620724]\n",
      " [ 0.          0.          0.          1.        ]]\n",
      "47\n",
      "Transformation is (48):\n",
      "[[ 0.73398902  0.59762045 -0.32266068 -0.07846657]\n",
      " [ 0.37572488  0.0384595   0.92593287  0.17905938]\n",
      " [ 0.56576579 -0.80085621 -0.19631202 -0.0532077 ]\n",
      " [ 0.          0.          0.          1.        ]]\n",
      "48\n",
      "Transformation is (49):\n",
      "[[ 0.74647199  0.59286151 -0.30215029 -0.07115159]\n",
      " [ 0.3576179   0.02548929  0.93352008  0.18066149]\n",
      " [ 0.56114971 -0.80490094 -0.19299085 -0.0529501 ]\n",
      " [ 0.          0.          0.          1.        ]]\n",
      "49\n",
      "Transformation is (50):\n",
      "[[ 0.75151271  0.6006357  -0.2728835  -0.06235722]\n",
      " [ 0.33022221  0.01560715  0.94377418  0.18303306]\n",
      " [ 0.5711234  -0.79937048 -0.18661427 -0.05268071]\n",
      " [ 0.          0.          0.          1.        ]]\n",
      "50\n",
      "Transformation is (51):\n",
      "[[ 0.76922049  0.57266098 -0.28347704 -0.06352274]\n",
      " [ 0.33272031  0.01978824  0.94281792  0.18340477]\n",
      " [ 0.54552455 -0.81955343 -0.17531442 -0.05240244]\n",
      " [ 0.          0.          0.          1.        ]]\n",
      "51\n",
      "Transformation is (52):\n",
      "[[ 0.76474893  0.58861894 -0.26208172 -0.05744728]\n",
      " [ 0.31293651  0.01624842  0.94963505  0.18605848]\n",
      " [ 0.56323159 -0.80824732 -0.17177439 -0.05134851]\n",
      " [ 0.          0.          0.          1.        ]]\n",
      "52\n",
      "Transformation is (53):\n",
      "[[ 0.77115196  0.59015013 -0.23884616 -0.05265447]\n",
      " [ 0.28528509  0.01507057  0.95832421  0.18888034]\n",
      " [ 0.56915471 -0.80715284 -0.15673933 -0.0487665 ]\n",
      " [ 0.          0.          0.          1.        ]]\n",
      "53\n",
      "Transformation is (54):\n",
      "[[ 0.78346341  0.5790079  -0.22568769 -0.04946434]\n",
      " [ 0.27154068  0.00770072  0.96239615  0.1928349 ]\n",
      " [ 0.55897293 -0.81528557 -0.15119097 -0.04410829]\n",
      " [ 0.          0.          0.          1.        ]]\n",
      "54\n",
      "Transformation is (55):\n",
      "[[ 0.70513033  0.62047575 -0.34322159 -0.0761185 ]\n",
      " [ 0.28668606  0.19324649  0.93833198  0.18302405]\n",
      " [ 0.64853861 -0.76004318 -0.04161779 -0.01832982]\n",
      " [ 0.          0.          0.          1.        ]]\n",
      "55\n",
      "Transformation is (56):\n",
      "[[ 0.68583477  0.64450419 -0.33800152 -0.07574161]\n",
      " [ 0.27163449  0.2041751   0.94049308  0.18302697]\n",
      " [ 0.67516322 -0.73683572 -0.03503918 -0.01034783]\n",
      " [ 0.          0.          0.          1.        ]]\n",
      "56\n",
      "Transformation is (57):\n",
      "[[ 0.72918313  0.61377289 -0.30261328 -0.06712439]\n",
      " [ 0.2446661   0.17915062  0.95291319  0.18515397]\n",
      " [ 0.63908564 -0.76888744 -0.01953581 -0.00400657]\n",
      " [ 0.          0.          0.          1.        ]]\n",
      "57\n",
      "Transformation is (58):\n",
      "[[ 0.76161039  0.57490507 -0.29905479 -0.06673642]\n",
      " [ 0.24896052  0.16649032  0.95409624  0.18370537]\n",
      " [ 0.59830449 -0.80110245 -0.01632791 -0.00125103]\n",
      " [ 0.          0.          0.          1.        ]]\n",
      "58\n",
      "Transformation is (59):\n",
      "[[ 7.95599353e-01  5.33538841e-01 -2.86980792e-01 -6.37593156e-02]\n",
      " [ 2.41690899e-01  1.54843909e-01  9.57919033e-01  1.83489293e-01]\n",
      " [ 5.55524238e-01 -8.31480408e-01 -5.75776851e-03  8.46898479e-04]\n",
      " [ 0.00000000e+00  0.00000000e+00  0.00000000e+00  1.00000000e+00]]\n",
      "59\n",
      "Transformation is (60):\n",
      "[[ 0.76051767  0.58576525 -0.28016412 -0.06306807]\n",
      " [ 0.19317582  0.20782419  0.95890156  0.18318854]\n",
      " [ 0.6199161  -0.78338252  0.04489828  0.01025583]\n",
      " [ 0.          0.          0.          1.        ]]\n",
      "60\n",
      "Transformation is (61):\n",
      "[[ 0.75779233  0.58809876 -0.2826493  -0.06329726]\n",
      " [ 0.15873428  0.25401224  0.95408658  0.18344574]\n",
      " [ 0.63289352 -0.76786563  0.0991371   0.01936967]\n",
      " [ 0.          0.          0.          1.        ]]\n",
      "61\n",
      "Transformation is (62):\n",
      "[[ 0.77230824  0.56322271 -0.29380293 -0.06227617]\n",
      " [ 0.15142094  0.28595105  0.94620489  0.18558369]\n",
      " [ 0.61693734 -0.77524975  0.13555864  0.0239186 ]\n",
      " [ 0.          0.          0.          1.        ]]\n",
      "62\n",
      "Transformation is (63):\n",
      "[[ 0.76609755  0.56897336 -0.29893789 -0.06224729]\n",
      " [ 0.13330463  0.31433641  0.93990558  0.18723015]\n",
      " [ 0.6287483  -0.75990916  0.16496557  0.02855117]\n",
      " [ 0.          0.          0.          1.        ]]\n",
      "63\n",
      "Transformation is (64):\n",
      "[[ 0.77738038  0.53909557 -0.32412299 -0.06594443]\n",
      " [ 0.16255371  0.32560326  0.93142837  0.18696398]\n",
      " [ 0.60766441 -0.77676153  0.1654856   0.03190821]\n",
      " [ 0.          0.          0.          1.        ]]\n",
      "64\n",
      "Transformation is (65):\n",
      "[[ 0.78531577  0.52028266 -0.33553704 -0.06678762]\n",
      " [ 0.1722299   0.33698267  0.92562387  0.18610722]\n",
      " [ 0.59465621 -0.78469653  0.17502957  0.03546257]\n",
      " [ 0.          0.          0.          1.        ]]\n",
      "65\n",
      "Transformation is (66):\n",
      "[[ 0.79608688  0.51148894 -0.32345747 -0.06378122]\n",
      " [ 0.15143905  0.3491057   0.92476561  0.18670097]\n",
      " [ 0.58592823 -0.78517786  0.20045907  0.04153955]\n",
      " [ 0.          0.          0.          1.        ]]\n",
      "66\n",
      "Transformation is (67):\n",
      "[[ 0.8216013   0.53427783 -0.19879261 -0.0317805 ]\n",
      " [ 0.01333896  0.33060729  0.94367415  0.19054101]\n",
      " [ 0.56990646 -0.77797559  0.26450067  0.05811936]\n",
      " [ 0.          0.          0.          1.        ]]\n",
      "67\n",
      "Transformation is (68):\n",
      "[[ 0.90293692  0.34288351 -0.2591058  -0.03921762]\n",
      " [ 0.14464797  0.32525784  0.93449682  0.19159584]\n",
      " [ 0.40469974 -0.88127081  0.24408991  0.05737621]\n",
      " [ 0.          0.          0.          1.        ]]\n",
      "68\n",
      "Transformation is (69):\n",
      "[[ 0.91251251  0.3383603  -0.22985478 -0.03223672]\n",
      " [ 0.11111988  0.33574384  0.9353761   0.19321547]\n",
      " [ 0.39366647 -0.87908383  0.2687719   0.06105183]\n",
