{
 "cells": [
  {
   "cell_type": "code",
   "execution_count": 1,
   "metadata": {},
   "outputs": [
    {
     "name": "stdout",
     "output_type": "stream",
     "text": [
      "Jupyter environment detected. Enabling Open3D WebVisualizer.\n",
      "[Open3D INFO] WebRTC GUI backend enabled.\n",
      "[Open3D INFO] WebRTCWindowSystem: HTTP handshake server disabled.\n"
     ]
    }
   ],
   "source": [
    "import cv2\n",
    "import numpy as np\n",
    "import open3d as o3d\n",
    "import matplotlib.pyplot as plt\n",
    "from natsort import natsorted\n",
    "import os\n",
    "import time\n",
    "import sys\n",
    "import copy\n",
    "sys.path.append('../')\n",
    "sys.path.insert(0, '../optical_tracking')\n",
    "sys.path.insert(0, '../util')\n",
    "from phantom_registration import manual_registration, draw_registration_result\n",
    "from Solver import solver\n",
    "sol = solver()"
   ]
  },
  {
   "cell_type": "code",
   "execution_count": 2,
   "metadata": {},
   "outputs": [],
   "source": [
    "pcd_target = o3d.io.read_point_cloud('/home/shc/Documents/phacon_data/phacon_0314/phacon_0314_ds.ply')\n",
    "o3d.visualization.draw_geometries([pcd_target])\n",
    "# pcd_target = pcd_target.voxel_down_sample(voxel_size=0.001)\n",
    "# o3d.io.write_point_cloud('/home/shc/Documents/phacon_data/phacon_0314/phacon_0314_ds.ply', pcd_target)"
   ]
  },
  {
   "cell_type": "code",
   "execution_count": null,
   "metadata": {},
   "outputs": [],
   "source": [
    "#test\n",
    "depth_threshold = 0.3# meters\n",
    "disp = np.load('/home/shc/Desktop/data/0308/opti_3/disp/150.npy')\n",
    "Q = np.load('../params/Q.npy')\n",
    "disp = cv2.flip(disp, 1)\n",
    "\n",
    "point_cloud = cv2.reprojectImageTo3D(disp, Q)\n",
    "point_cloud = point_cloud.reshape(-1, 3)\n",
    "\n",
    "# Filter out the points beyond the depth threshold\n",
    "filtered_point_cloud = point_cloud[abs(point_cloud[:, 2]) < abs(depth_threshold)]\n",
    "\n",
    "pcd = o3d.geometry.PointCloud()\n",
    "pcd.points = o3d.utility.Vector3dVector(filtered_point_cloud)\n",
    "o3d.visualization.draw_geometries([pcd])"
   ]
  },
  {
   "cell_type": "code",
   "execution_count": 124,
   "metadata": {},
   "outputs": [],
   "source": [
    "# pcd = o3d.io.read_point_cloud('../data/phantom_point-cloud_data/phacon_exp_3.ply')\n",
    "pcd_ = o3d.io.read_point_cloud('/home/shc/Desktop/data/0308/opti_3/zed_pointcloud/30.ply')\n",
    "pcd_c = o3d.io.read_point_cloud('/home/shc/Desktop/data/0308/opti_3/cres_pointcloud/30.ply')\n",
    "\n",
    "o3d.visualization.draw_geometries([pcd_, pcd_c])"
   ]
  },
  {
   "attachments": {},
   "cell_type": "markdown",
   "metadata": {},
   "source": [
    "Path of data"
   ]
  },
  {
   "cell_type": "code",
   "execution_count": 4,
   "metadata": {},
   "outputs": [],
   "source": [
    "# disparity_dir = '../../optimization_data/disp'\n",
    "# save_dir = '../../optimization_data/pointcloud'\n",
    "\n",
    "opti_dir = '/home/shc/Desktop/data/0308/opti_3/'\n",
    "disparity_dir = os.path.join(opti_dir, 'disp')\n",
    "save_dir = os.path.join(opti_dir, '/cres_pointcloud')\n",
    "Q = np.load('../params/Q.npy')"
   ]
  },
  {
   "attachments": {},
   "cell_type": "markdown",
   "metadata": {},
   "source": [
    "**Generate cres pointcloud from the disparity maps and filter the pointcloud by depth.**"
   ]
  },
  {
   "cell_type": "code",
   "execution_count": null,
   "metadata": {},
   "outputs": [],
   "source": [
    "\n",
    "count = 0\n",
    "start = time.time()\n",
    "# Define the depth threshold\n",
    "depth_threshold = 300 /1000 # meters\n",
    "\n",
    "# Sequence of images from the left/right dir\n",
    "disparities = natsorted([os.path.join(disparity_dir, f) for f in os.listdir(disparity_dir) if \".npy\" in f])\n",
    "\n",
    "for disp_map in disparities:\n",
    "    disp = np.load(disp_map)\n",
    "    disp = cv2.flip(disp, 1)\n",
    "    point_cloud = cv2.reprojectImageTo3D(disp, Q)\n",
    "    point_cloud = point_cloud.reshape(-1, 3)\n",
    "\n",
    "    # Filter out the points beyond the depth threshold\n",
    "    filtered_point_cloud = point_cloud[abs(point_cloud[:, 2]) < abs(depth_threshold)]\n",
    "\n",
    "    pcd = o3d.geometry.PointCloud()\n",
    "    pcd.points = o3d.utility.Vector3dVector(filtered_point_cloud)\n",
    "    \n",
    "    # # Radius outlier removal:\n",
    "    # pcd_rad, ind_rad = pcd.remove_radius_outlier(nb_points=16, radius=0.05)\n",
    "    # outlier_rad_pcd = pcd.select_by_index(ind_rad, invert=True)\n",
    "    # outlier_rad_pcd.paint_uniform_color([1., 0., 1.])\n",
    "\n",
    "    # Statistical outlier removal:\n",
    "    pcd_stat, ind_stat = pcd.remove_statistical_outlier(nb_neighbors=20,\n",
    "                                                 std_ratio=2.0)\n",
    "    \n",
    "    outlier_stat_pcd = pcd.select_by_index(ind_stat, invert=True)\n",
    "    outlier_stat_pcd.paint_uniform_color([0., 0., 1.])\n",
    "\n",
    "    # o3d.visualization.draw_geometries([pcd_stat])\n",
    "\n",
    "    save_path = os.path.join(save_dir, f'{count}.ply')\n",
    "    o3d.io.write_point_cloud(save_path, pcd_stat)\n",
    "    print('Finished saving: '+f'{count}.ply')\n",
    "    \n",
    "    count += 1\n",
    "end = time.time()\n",
    "print(f'Done with pointcloud saving in {end - start}s')"
   ]
  },
  {
   "attachments": {},
   "cell_type": "markdown",
   "metadata": {},
   "source": [
    "Filter ZED pointcloud"
   ]
  },
  {
   "cell_type": "code",
   "execution_count": 52,
   "metadata": {},
   "outputs": [
    {
     "name": "stdout",
     "output_type": "stream",
     "text": [
      "Finished saving: 0.ply\n",
      "Finished saving: 1.ply\n",
      "Finished saving: 2.ply\n",
      "Finished saving: 3.ply\n",
      "Finished saving: 4.ply\n",
      "Finished saving: 5.ply\n",
      "Finished saving: 6.ply\n",
      "Finished saving: 7.ply\n",
      "Finished saving: 8.ply\n",
      "Finished saving: 9.ply\n",
      "Finished saving: 10.ply\n",
      "Finished saving: 11.ply\n",
      "Finished saving: 12.ply\n",
      "Finished saving: 13.ply\n",
      "Finished saving: 14.ply\n",
      "Finished saving: 15.ply\n",
      "Finished saving: 16.ply\n",
      "Finished saving: 17.ply\n",
      "Finished saving: 18.ply\n",
      "Finished saving: 19.ply\n",
      "Finished saving: 20.ply\n",
      "Finished saving: 21.ply\n",
      "Finished saving: 22.ply\n",
      "Finished saving: 23.ply\n",
      "Finished saving: 24.ply\n",
      "Finished saving: 25.ply\n",
      "Finished saving: 26.ply\n",
      "Finished saving: 27.ply\n",
      "Finished saving: 28.ply\n",
      "Finished saving: 29.ply\n",
      "Finished saving: 30.ply\n",
      "Finished saving: 31.ply\n",
      "Finished saving: 32.ply\n",
      "Finished saving: 33.ply\n",
      "Finished saving: 34.ply\n",
      "Finished saving: 35.ply\n",
      "Finished saving: 36.ply\n",
      "Finished saving: 37.ply\n",
      "Finished saving: 38.ply\n",
      "Finished saving: 39.ply\n",
      "Finished saving: 40.ply\n",
      "Finished saving: 41.ply\n",
      "Finished saving: 42.ply\n",
      "Finished saving: 43.ply\n",
      "Finished saving: 44.ply\n",
      "Finished saving: 45.ply\n",
      "Finished saving: 46.ply\n",
      "Finished saving: 47.ply\n",
      "Finished saving: 48.ply\n",
      "Finished saving: 49.ply\n",
      "Finished saving: 50.ply\n",
      "Finished saving: 51.ply\n",
      "Finished saving: 52.ply\n",
      "Finished saving: 53.ply\n",
      "Finished saving: 54.ply\n",
      "Finished saving: 55.ply\n",
      "Finished saving: 56.ply\n",
      "Finished saving: 57.ply\n",
      "Finished saving: 58.ply\n",
      "Finished saving: 59.ply\n",
      "Finished saving: 60.ply\n",
      "Finished saving: 61.ply\n",
      "Finished saving: 62.ply\n",
      "Finished saving: 63.ply\n",
      "Finished saving: 64.ply\n",
      "Finished saving: 65.ply\n",
      "Finished saving: 66.ply\n",
      "Finished saving: 67.ply\n",
      "Finished saving: 68.ply\n",
      "Finished saving: 69.ply\n",
      "Finished saving: 70.ply\n",
      "Finished saving: 71.ply\n",
      "Finished saving: 72.ply\n",
      "Finished saving: 73.ply\n",
      "Finished saving: 74.ply\n",
      "Finished saving: 75.ply\n",
      "Finished saving: 76.ply\n",
      "Finished saving: 77.ply\n",
      "Finished saving: 78.ply\n",
      "Finished saving: 79.ply\n",
      "Finished saving: 80.ply\n",
      "Finished saving: 81.ply\n",
      "Finished saving: 82.ply\n",
      "Finished saving: 83.ply\n",
      "Finished saving: 84.ply\n",
      "Finished saving: 85.ply\n",
      "Finished saving: 86.ply\n",
      "Finished saving: 87.ply\n",
      "Finished saving: 88.ply\n",
      "Finished saving: 89.ply\n",
      "Finished saving: 90.ply\n",
      "Finished saving: 91.ply\n",
      "Finished saving: 92.ply\n",
      "Finished saving: 93.ply\n",
      "Finished saving: 94.ply\n",
      "Finished saving: 95.ply\n",
      "Finished saving: 96.ply\n",
      "Finished saving: 97.ply\n",
      "Finished saving: 98.ply\n",
      "Finished saving: 99.ply\n",
      "Finished saving: 100.ply\n",
      "Finished saving: 101.ply\n",
      "Finished saving: 102.ply\n",
      "Finished saving: 103.ply\n",
      "Finished saving: 104.ply\n",
      "Finished saving: 105.ply\n",
      "Finished saving: 106.ply\n",
      "Finished saving: 107.ply\n",
      "Finished saving: 108.ply\n",
      "Finished saving: 109.ply\n",
      "Finished saving: 110.ply\n",
      "Finished saving: 111.ply\n",
      "Finished saving: 112.ply\n",
      "Finished saving: 113.ply\n",
      "Finished saving: 114.ply\n",
      "Finished saving: 115.ply\n",
      "Finished saving: 116.ply\n",
      "Finished saving: 117.ply\n",
      "Finished saving: 118.ply\n",
      "Finished saving: 119.ply\n",
      "Finished saving: 120.ply\n",
      "Finished saving: 121.ply\n",
      "Finished saving: 122.ply\n",
      "Finished saving: 123.ply\n",
      "Finished saving: 124.ply\n",
      "Finished saving: 125.ply\n",
      "Finished saving: 126.ply\n",
      "Finished saving: 127.ply\n",
      "Finished saving: 128.ply\n",
      "Finished saving: 129.ply\n",
      "Finished saving: 130.ply\n",
      "Finished saving: 131.ply\n",
      "Finished saving: 132.ply\n",
      "Finished saving: 133.ply\n",
      "Finished saving: 134.ply\n",
      "Finished saving: 135.ply\n",
      "Finished saving: 136.ply\n",
      "Finished saving: 137.ply\n",
      "Finished saving: 138.ply\n",
      "Finished saving: 139.ply\n",
      "Finished saving: 140.ply\n",
      "Finished saving: 141.ply\n",
      "Finished saving: 142.ply\n",
      "Finished saving: 143.ply\n",
      "Finished saving: 144.ply\n",
      "Finished saving: 145.ply\n",
      "Finished saving: 146.ply\n",
      "Finished saving: 147.ply\n",
      "Finished saving: 148.ply\n",
      "Finished saving: 149.ply\n",
      "Finished saving: 150.ply\n",
      "Finished saving: 151.ply\n",
      "Finished saving: 152.ply\n",
      "Finished saving: 153.ply\n",
      "Finished saving: 154.ply\n",
      "Finished saving: 155.ply\n",
      "Finished saving: 156.ply\n",
      "Finished saving: 157.ply\n",
      "Finished saving: 158.ply\n",
      "Finished saving: 159.ply\n",
      "Finished saving: 160.ply\n",
      "Finished saving: 161.ply\n",
      "Finished saving: 162.ply\n",
      "Finished saving: 163.ply\n",
      "Finished saving: 164.ply\n",
      "Finished saving: 165.ply\n",
      "Finished saving: 166.ply\n",
      "Finished saving: 167.ply\n",
      "Finished saving: 168.ply\n",
      "Finished saving: 169.ply\n",
      "Finished saving: 170.ply\n",
      "Finished saving: 171.ply\n",
      "Finished saving: 172.ply\n",
      "Finished saving: 173.ply\n",
      "Finished saving: 174.ply\n",
      "Finished saving: 175.ply\n",
      "Finished saving: 176.ply\n",
      "Finished saving: 177.ply\n",
      "Finished saving: 178.ply\n",
      "Finished saving: 179.ply\n",
      "Finished saving: 180.ply\n",
      "Finished saving: 181.ply\n",
      "Finished saving: 182.ply\n",
      "Finished saving: 183.ply\n",
      "Finished saving: 184.ply\n",
      "Finished saving: 185.ply\n",
      "Finished saving: 186.ply\n",
      "Finished saving: 187.ply\n",
      "Finished saving: 188.ply\n",
      "Finished saving: 189.ply\n",
      "Finished saving: 190.ply\n",
      "Finished saving: 191.ply\n",
      "Finished saving: 192.ply\n",
      "Finished saving: 193.ply\n",
      "Finished saving: 194.ply\n",
      "Finished saving: 195.ply\n",
      "Finished saving: 196.ply\n",
      "Finished saving: 197.ply\n",
      "Finished saving: 198.ply\n",
      "Finished saving: 199.ply\n",
      "Finished saving: 200.ply\n",
      "Finished saving: 201.ply\n",
      "Finished saving: 202.ply\n",
      "Finished saving: 203.ply\n",
      "Finished saving: 204.ply\n",
      "Finished saving: 205.ply\n",
      "Finished saving: 206.ply\n",
      "Finished saving: 207.ply\n",
      "Finished saving: 208.ply\n",
      "Finished saving: 209.ply\n",
      "Finished saving: 210.ply\n",
      "Finished saving: 211.ply\n",
      "Finished saving: 212.ply\n",
      "Finished saving: 213.ply\n",
      "Finished saving: 214.ply\n",
      "Finished saving: 215.ply\n",
      "Finished saving: 216.ply\n",
      "Finished saving: 217.ply\n",
      "Finished saving: 218.ply\n",
      "Finished saving: 219.ply\n",
      "Finished saving: 220.ply\n",
      "Finished saving: 221.ply\n",
      "Finished saving: 222.ply\n",
      "Finished saving: 223.ply\n",
      "Finished saving: 224.ply\n",
      "Finished saving: 225.ply\n",
      "Finished saving: 226.ply\n",
      "Finished saving: 227.ply\n",
      "Finished saving: 228.ply\n",
      "Finished saving: 229.ply\n",
      "Finished saving: 230.ply\n",
      "Finished saving: 231.ply\n",
      "Finished saving: 232.ply\n",
      "Finished saving: 233.ply\n",
      "Finished saving: 234.ply\n",
      "Finished saving: 235.ply\n",
      "Finished saving: 236.ply\n",
      "Finished saving: 237.ply\n",
      "Finished saving: 238.ply\n"
     ]
    }
   ],
   "source": [
    "date = '0321'\n",
    "opti_num = 2\n",
    "pointcloud_dir = f'/media/shc/Elements/Twin-S_data/{date}/opti_{opti_num}/zed_pointcloud/'\n",
    "save_dir = f'/media/shc/Elements/Twin-S_data/{date}/opti_{opti_num}/filtered_zed_pointcloud/'\n",
    "if not os.path.exists(save_dir):\n",
    "    os.mkdir(save_dir)\n",
    "\n",
    "depth_threshold = 0.045\n",
    "\n",
    "pointclouds = natsorted([os.path.join(pointcloud_dir, f) for f in os.listdir(pointcloud_dir) if \".ply\" in f])\n",
    "for [count,pointcloud] in enumerate(pointclouds):\n",
    "    if count < 0:\n",
    "        # count += 1\n",
    "        continue\n",
    "    else:\n",
    "        pcd_zed = o3d.io.read_point_cloud(os.path.join(pointcloud_dir, pointcloud))\n",
    "\n",
    "        # Statistical outlier removal:  \n",
    "        pcd_zed, ind_stat = pcd_zed.remove_statistical_outlier(nb_neighbors=20,\n",
    "                                                    std_ratio=2.0)\n",
    "        np_pcd_zed = np.asarray(pcd_zed.points)\n",
    "\n",
    "        distances = np.sqrt(np.sum(np_pcd_zed**2, axis=1))\n",
    "        # print(np.min(distances))\n",
    "        threshold = np.min(distances) + depth_threshold\n",
    "        filtered_point_cloud = np_pcd_zed[distances <= threshold]\n",
    "        # filtered_point_cloud = np_pcd_zed[abs(np_pcd_zed[:, 2]) < abs(threshold)]\n",
    "\n",
    "        pcd_zed.points = o3d.utility.Vector3dVector(filtered_point_cloud)\n",
    "        save_path = os.path.join(save_dir, f'{count}.ply')\n",
    "        print('Finished saving: '+f'{count}.ply')\n",
    "        o3d.io.write_point_cloud(save_path, pcd_zed)\n",
    "        if count % 50 == 0:\n",
    "            o3d.visualization.draw_geometries([pcd_zed])\n",
    "\n",
    "        # if count == 150:\n",
    "        #     break\n"
   ]
  },
  {
   "attachments": {},
   "cell_type": "markdown",
   "metadata": {},
   "source": [
    "**Do phantom registration for all pointcloud**"
   ]
  },
  {
   "cell_type": "code",
   "execution_count": 55,
   "metadata": {},
   "outputs": [],
   "source": [
    "def phantom_registration(pointcloud_dir, T_c_p_path):\n",
    "\n",
    "    pcd_source_init = o3d.io.read_point_cloud(os.path.join(pointcloud_dir, \"0.ply\"))\n",
    "    # pcd_target = o3d.io.read_point_cloud(\"../data/phantom_point-cloud_data/phacon_exp_3.ply\")\n",
    "    pcd_target = o3d.io.read_point_cloud(\"/home/shc/Documents/phacon_data/phacon_0314/phacon_0314_ds.ply\")\n",
    "    pcd_target = pcd_target.voxel_down_sample(voxel_size=0.001)\n",
    "    cam2ph_list = []\n",
    "    count = 0\n",
    "\n",
    "    # manual registration to initialize\n",
    "    init_result = manual_registration(pcd_source_init, pcd_target)\n",
    "    # draw_registration_result(pcd_source_init, pcd_target, result.transformation)\n",
    "\n",
    "    pointclouds = natsorted([os.path.join(pointcloud_dir, f) for f in os.listdir(pointcloud_dir) if \".ply\" in f])\n",
    "    # pointclouds = pointclouds[15:]\n",
    "    print(\"Apply point-to-plane ICP\")\n",
    "\n",
    "    loss = o3d.pipelines.registration.TukeyLoss(k=0.005)\n",
    "\n",
    "    for pointcloud in pointclouds:\n",
    "        pcd_source = o3d.io.read_point_cloud(pointcloud)\n",
    "        \n",
    "        threshold = 0.006\n",
    "\n",
    "        trans_init_icp = init_result.transformation\n",
    "\n",
    "        if init_result.inlier_rmse > 1.2e-3:\n",
    "            # init_result = manual_registration(pcd_source, pcd_target)\n",
    "            # trans_init_icp = init_result.transformation\n",
    "            draw_registration_result(pcd_source, pcd_target, init_result.transformation)\n",
    "\n",
    "        result = o3d.pipelines.registration.registration_icp(\n",
    "            pcd_source, pcd_target, threshold, trans_init_icp,\n",
    "            o3d.pipelines.registration.TransformationEstimationPointToPlane(loss))\n",
    "            \n",
    "        # print(f\"Transformation is ({count}):\")\n",
    "        print(result.transformation)\n",
    "        print(count)\n",
    "        if count % 60 == 0:\n",
    "            draw_registration_result(pcd_source, pcd_target, result.transformation)\n",
    "        print(result)\n",
    "        ph2cam = result.transformation\n",
    "        cam2ph = sol.invTransformation(ph2cam)\n",
    "        cam2ph[:3, 3] = cam2ph[:3, 3]*1000\n",
    "        cam2ph_list.append(cam2ph)\n",
    "        \n",
    "        init_result = result\n",
    "        count += 1\n",
    "\n",
    "        # if count == 151:\n",
    "        #     break\n",
    "        \n",
    "        # print(T_o_p.shape)\n",
    "        if count == 380:\n",
    "            break\n",
    "    T_c_p = np.array(cam2ph_list)\n",
    "    print(T_c_p.shape)\n",
    "    np.save(f'../data/post_optimization_data/{T_c_p_path}', T_c_p)\n"
   ]
  },
  {
   "cell_type": "code",
   "execution_count": 56,
   "metadata": {},
   "outputs": [
    {
     "name": "stdout",
     "output_type": "stream",
     "text": [
      "Visualization of two point clouds before manual alignment\n",
      "\n",
      "1) Please pick at least three correspondences using [shift + left click]\n",
      "   Press [shift + right click] to undo point picking\n",
      "2) After picking points, press 'Q' to close the window\n",
      "[Open3D INFO] Picked point #21018 (0.068, 0.0079, 0.29) to add in queue.\n",
      "[Open3D INFO] Picked point #20421 (0.047, 0.0063, 0.3) to add in queue.\n",
      "[Open3D INFO] Picked point #27773 (0.058, 0.027, 0.3) to add in queue.\n",
      "\n",
      "\n",
      "1) Please pick at least three correspondences using [shift + left click]\n",
      "   Press [shift + right click] to undo point picking\n",
      "2) After picking points, press 'Q' to close the window\n",
      "[Open3D INFO] Picked point #81383 (0.027, 0.011, -0.01) to add in queue.\n",
      "[Open3D INFO] Remove picked point #81383 from pick queue.\n",
      "[Open3D INFO] Picked point #80052 (0.03, 0.012, -0.012) to add in queue.\n",
      "[Open3D INFO] Picked point #79688 (0.025, 0.035, -0.011) to add in queue.\n",
      "[Open3D INFO] Picked point #16908 (0.024, 0.019, 0.012) to add in queue.\n",
      "[Open3D INFO] Remove picked point #16908 from pick queue.\n",
      "[Open3D INFO] Picked point #4479 (0.027, 0.019, 0.01) to add in queue.\n",
      "\n",
      "Compute a rough transform using the correspondences given by user\n",
      "Perform point-to-point ICP refinement\n",
      "\n",
      "Apply point-to-plane ICP\n",
      "[[ 0.06435543 -0.02429209 -0.99763133  0.31836661]\n",
      " [-0.9974363  -0.03291372 -0.06354141  0.10004125]\n",
      " [-0.0312922   0.99916294 -0.02634799 -0.00972395]\n",
      " [ 0.          0.          0.          1.        ]]\n",
      "0\n",
      "RegistrationResult with fitness=9.893476e-01, inlier_rmse=7.439874e-04, and correspondence_set size of 29813\n",
      "Access transformation to get result.\n",
      "[[ 0.07106225 -0.03007458 -0.99701839  0.31803576]\n",
      " [-0.99737035 -0.01640395 -0.07059252  0.0938926 ]\n",
      " [-0.014232    0.99941304 -0.03116119 -0.00550147]\n",
      " [ 0.          0.          0.          1.        ]]\n",
      "1\n",
      "RegistrationResult with fitness=9.775871e-01, inlier_rmse=8.065304e-04, and correspondence_set size of 29616\n",
      "Access transformation to get result.\n",
      "[[ 0.05207027 -0.02908845 -0.99821969  0.31862029]\n",
      " [-0.99852241 -0.01707717 -0.05158843  0.0895919 ]\n",
      " [-0.01554614  0.99943095 -0.02993469 -0.00258796]\n",
      " [ 0.          0.          0.          1.        ]]\n",
      "2\n",
      "RegistrationResult with fitness=9.790810e-01, inlier_rmse=7.766275e-04, and correspondence_set size of 30235\n",
      "Access transformation to get result.\n",
      "[[ 5.56364119e-02 -3.58758843e-02 -9.97806349e-01  3.18907270e-01]\n",
      " [-9.98437393e-01  3.23647641e-03 -5.57879648e-02  8.61136582e-02]\n",
      " [ 5.23081929e-03  9.99351012e-01 -3.56397585e-02  6.68604701e-04]\n",
      " [ 0.00000000e+00  0.00000000e+00  0.00000000e+00  1.00000000e+00]]\n",
      "3\n",
      "RegistrationResult with fitness=9.762276e-01, inlier_rmse=8.305803e-04, and correspondence_set size of 29444\n",
      "Access transformation to get result.\n",
      "[[ 0.03351988 -0.03706359 -0.99875057  0.31980353]\n",
      " [-0.99902562  0.02746308 -0.03454826  0.08031032]\n",
      " [ 0.02870925  0.99893547 -0.03610692  0.00341254]\n",
      " [ 0.          0.          0.          1.        ]]\n",
      "4\n",
      "RegistrationResult with fitness=9.723505e-01, inlier_rmse=9.048354e-04, and correspondence_set size of 30314\n",
      "Access transformation to get result.\n",
      "[[ 0.03010923 -0.03860783 -0.99880072  0.31958946]\n",
      " [-0.99826258  0.04947194 -0.0320053   0.07855935]\n",
      " [ 0.05064826  0.99802904 -0.03705119  0.0060298 ]\n",
      " [ 0.          0.          0.          1.        ]]\n",
      "5\n",
      "RegistrationResult with fitness=9.776905e-01, inlier_rmse=8.663466e-04, and correspondence_set size of 30107\n",
      "Access transformation to get result.\n",
      "[[ 0.05131616 -0.04478478 -0.99767779  0.31920238]\n",
      " [-0.99619747  0.06813424 -0.0542985   0.07969838]\n",
      " [ 0.07040776  0.99667048 -0.0411181   0.0091391 ]\n",
      " [ 0.          0.          0.          1.        ]]\n",
      "6\n",
      "RegistrationResult with fitness=9.716684e-01, inlier_rmse=8.627223e-04, and correspondence_set size of 29975\n",
      "Access transformation to get result.\n",
      "[[ 0.04954853 -0.05390588 -0.99731595  0.32011323]\n",
      " [-0.99246361  0.10939242 -0.05522022  0.07617571]\n",
      " [ 0.1120755   0.99253587 -0.04807939  0.01216048]\n",
      " [ 0.          0.          0.          1.        ]]\n",
      "7\n",
      "RegistrationResult with fitness=9.699183e-01, inlier_rmse=9.280217e-04, and correspondence_set size of 30018\n",
      "Access transformation to get result.\n",
      "[[ 0.04808901 -0.06408515 -0.9967851   0.32051649]\n",
      " [-0.98675819  0.15171739 -0.05735946  0.07406632]\n",
      " [ 0.15490553  0.98634422 -0.05594061  0.01557143]\n",
      " [ 0.          0.          0.          1.        ]]\n",
      "8\n",
      "RegistrationResult with fitness=9.608432e-01, inlier_rmse=9.870122e-04, and correspondence_set size of 29765\n",
      "Access transformation to get result.\n",
      "[[ 0.04397407 -0.06979674 -0.99659154  0.32034267]\n",
      " [-0.98021368  0.18969639 -0.05653688  0.07497322]\n",
      " [ 0.19299591  0.97935882 -0.060074    0.01692937]\n",
      " [ 0.          0.          0.          1.        ]]\n",
      "9\n",
      "RegistrationResult with fitness=9.767795e-01, inlier_rmse=9.338346e-04, and correspondence_set size of 30203\n",
      "Access transformation to get result.\n",
      "[[ 0.02988959 -0.07870941 -0.99644942  0.31987389]\n",
      " [-0.97238681  0.22854779 -0.04722077  0.07605062]\n",
      " [ 0.23145303  0.97034568 -0.06970479  0.0174924 ]\n",
      " [ 0.          0.          0.          1.        ]]\n",
      "10\n",
      "RegistrationResult with fitness=9.710234e-01, inlier_rmse=9.874306e-04, and correspondence_set size of 29992\n",
      "Access transformation to get result.\n",
      "[[ 0.03276588 -0.08526108 -0.99581974  0.31957462]\n",
      " [-0.96459934  0.25816489 -0.05384244  0.07853423]\n",
      " [ 0.26167636  0.96233125 -0.07378378  0.01628281]\n",
      " [ 0.          0.          0.          1.        ]]\n",
      "11\n",
      "RegistrationResult with fitness=9.664532e-01, inlier_rmse=9.699561e-04, and correspondence_set size of 29875\n",
      "Access transformation to get result.\n",
      "[[ 0.02622529 -0.09099748 -0.99550575  0.3193547 ]\n",
      " [-0.95883219  0.27939291 -0.050798    0.08069556]\n",
      " [ 0.28275973  0.95585515 -0.07992415  0.01597007]\n",
      " [ 0.          0.          0.          1.        ]]\n",
      "12\n",
      "RegistrationResult with fitness=9.814448e-01, inlier_rmse=9.589856e-04, and correspondence_set size of 30731\n",
      "Access transformation to get result.\n",
      "[[ 0.02481767 -0.09248831 -0.99540444  0.31884931]\n",
      " [-0.9519041   0.30198698 -0.05179233  0.08360505]\n",
      " [ 0.30538937  0.94881493 -0.08054539  0.01353524]\n",
      " [ 0.          0.          0.          1.        ]]\n",
      "13\n",
      "RegistrationResult with fitness=9.752861e-01, inlier_rmse=1.017326e-03, and correspondence_set size of 30426\n",
      "Access transformation to get result.\n",
      "[[ 0.03109098 -0.10247704 -0.99424937  0.31754911]\n",
      " [-0.94604979  0.31796459 -0.06235627  0.09037401]\n",
      " [ 0.32252618  0.94254813 -0.08706255  0.01123349]\n",
      " [ 0.          0.          0.          1.        ]]\n",
      "14\n",
      "RegistrationResult with fitness=9.548794e-01, inlier_rmse=9.252987e-04, and correspondence_set size of 31067\n",
      "Access transformation to get result.\n",
      "[[ 0.01036238 -0.11080305 -0.99378836  0.31693912]\n",
      " [-0.93365283  0.35477148 -0.0492908   0.09263758]\n",
      " [ 0.35802934  0.92836409 -0.09977531  0.00992293]\n",
      " [ 0.          0.          0.          1.        ]]\n",
      "15\n",
      "RegistrationResult with fitness=9.681280e-01, inlier_rmse=8.691979e-04, and correspondence_set size of 31226\n",
      "Access transformation to get result.\n",
      "[[ 0.00594687 -0.10591848 -0.99435703  0.31518891]\n",
      " [-0.92917574  0.36693254 -0.04464254  0.09685471]\n",
      " [ 0.36959042  0.92419792 -0.09623478  0.00654969]\n",
      " [ 0.          0.          0.          1.        ]]\n",
      "16\n",
      "RegistrationResult with fitness=9.711998e-01, inlier_rmse=8.334789e-04, and correspondence_set size of 31058\n",
      "Access transformation to get result.\n",
      "[[ 0.01482778 -0.1069183  -0.99415724  0.3134354 ]\n",
      " [-0.9283814   0.36777233 -0.05339943  0.10290794]\n",
      " [ 0.3713329   0.92374888 -0.09380771  0.00370842]\n",
      " [ 0.          0.          0.          1.        ]]\n",
      "17\n",
      "RegistrationResult with fitness=9.801962e-01, inlier_rmse=7.846625e-04, and correspondence_set size of 31479\n",
      "Access transformation to get result.\n",
      "[[ 0.01386188 -0.10806433 -0.99404726  0.3132556 ]\n",
      " [-0.9274934   0.37004033 -0.05316142  0.10715198]\n",
      " [ 0.37358243  0.92270919 -0.09509949  0.00123424]\n",
      " [ 0.          0.          0.          1.        ]]\n",
      "18\n",
      "RegistrationResult with fitness=9.877067e-01, inlier_rmse=7.487341e-04, and correspondence_set size of 31415\n",
      "Access transformation to get result.\n",
      "[[ 2.15263968e-02 -1.09096120e-01 -9.93798094e-01  3.12938141e-01]\n",
      " [-9.28431139e-01  3.66569677e-01 -6.03514005e-02  1.11930497e-01]\n",
      " [ 3.70880350e-01  9.23972244e-01 -9.33973110e-02 -4.79977304e-04]\n",
      " [ 0.00000000e+00  0.00000000e+00  0.00000000e+00  1.00000000e+00]]\n",
      "19\n",
      "RegistrationResult with fitness=9.885543e-01, inlier_rmse=7.338329e-04, and correspondence_set size of 32043\n",
      "Access transformation to get result.\n",
      "[[ 0.01931848 -0.10814601 -0.9939473   0.3130285 ]\n",
      " [-0.9267103   0.37121065 -0.05840107  0.11608332]\n",
      " [ 0.37527966  0.92222942 -0.0930488  -0.00207174]\n",
      " [ 0.          0.          0.          1.        ]]\n",
      "20\n",
      "RegistrationResult with fitness=9.855162e-01, inlier_rmse=7.244458e-04, and correspondence_set size of 31980\n",
      "Access transformation to get result.\n",
      "[[ 0.02221078 -0.10890442 -0.99380406  0.31306942]\n",
      " [-0.93081169  0.36048955 -0.06030662  0.12118235]\n",
      " [ 0.36482364  0.92638389 -0.09336275 -0.00372489]\n",
      " [ 0.          0.          0.          1.        ]]\n",
      "21\n",
      "RegistrationResult with fitness=9.830152e-01, inlier_rmse=7.279250e-04, and correspondence_set size of 32295\n",
      "Access transformation to get result.\n",
      "[[ 0.0276816  -0.10517604 -0.99406827  0.31256632]\n",
      " [-0.93606727  0.34618991 -0.06269461  0.12746925]\n",
      " [ 0.35073038  0.93225026 -0.08886876 -0.00582181]\n",
      " [ 0.          0.          0.          1.        ]]\n",
      "22\n",
      "RegistrationResult with fitness=9.823373e-01, inlier_rmse=7.315122e-04, and correspondence_set size of 32202\n",
      "Access transformation to get result.\n",
      "[[ 0.03017123 -0.10463546 -0.99405287  0.31276234]\n",
      " [-0.93788348  0.34092997 -0.06435318  0.13133111]\n",
      " [ 0.34563605  0.93424738 -0.08784959 -0.00759564]\n",
      " [ 0.          0.          0.          1.        ]]\n",
      "23\n",
      "RegistrationResult with fitness=9.858345e-01, inlier_rmse=7.678858e-04, and correspondence_set size of 32570\n",
      "Access transformation to get result.\n",
      "[[ 0.03991495 -0.10610464 -0.99355352  0.31243707]\n",
      " [-0.94498975  0.31906872 -0.07203828  0.13674727]\n",
      " [ 0.32465545  0.9417733  -0.08753219 -0.00808441]\n",
      " [ 0.          0.          0.          1.        ]]\n",
      "24\n",
      "RegistrationResult with fitness=9.846682e-01, inlier_rmse=7.911353e-04, and correspondence_set size of 32433\n",
      "Access transformation to get result.\n",
      "[[ 0.04797087 -0.10914785 -0.99286733  0.31228339]\n",
      " [-0.94988822  0.30240616 -0.07913841  0.14175804]\n",
      " [ 0.30888698  0.94690932 -0.08917157 -0.00820331]\n",
      " [ 0.          0.          0.          1.        ]]\n",
      "25\n",
      "RegistrationResult with fitness=9.833177e-01, inlier_rmse=7.359881e-04, and correspondence_set size of 32419\n",
      "Access transformation to get result.\n",
      "[[ 0.04923205 -0.10706976 -0.99303186  0.31189476]\n",
      " [-0.95565796  0.28396207 -0.07799624  0.14656756]\n",
      " [ 0.29033442  0.95283871 -0.08834204 -0.00835451]\n",
      " [ 0.          0.          0.          1.        ]]\n",
      "26\n",
      "RegistrationResult with fitness=9.945047e-01, inlier_rmse=7.987301e-04, and correspondence_set size of 33480\n",
      "Access transformation to get result.\n",
      "[[ 0.0363851  -0.10293068 -0.99402284  0.31287435]\n",
      " [-0.96075326  0.2701235  -0.06313849  0.14659083]\n",
      " [ 0.27500782  0.95730798 -0.08906251 -0.00803424]\n",
      " [ 0.          0.          0.          1.        ]]\n",
      "27\n",
      "RegistrationResult with fitness=9.873041e-01, inlier_rmse=7.742334e-04, and correspondence_set size of 33206\n",
      "Access transformation to get result.\n",
      "[[ 0.04085975 -0.10301269 -0.99384046  0.3116279 ]\n",
      " [-0.96571013  0.25116262 -0.06573652  0.15216283]\n",
      " [ 0.25638728  0.96244778 -0.08921795 -0.00838088]\n",
      " [ 0.          0.          0.          1.        ]]\n",
      "28\n",
      "RegistrationResult with fitness=9.791612e-01, inlier_rmse=7.402520e-04, and correspondence_set size of 33502\n",
      "Access transformation to get result.\n",
      "[[ 0.03789206 -0.10183407 -0.99407948  0.31188234]\n",
      " [-0.97122302  0.23032925 -0.06061588  0.15457989]\n",
      " [ 0.23513834  0.96776974 -0.09017595 -0.00911676]\n",
      " [ 0.          0.          0.          1.        ]]\n",
      "29\n",
      "RegistrationResult with fitness=9.830103e-01, inlier_rmse=7.027637e-04, and correspondence_set size of 33674\n",
      "Access transformation to get result.\n",
      "[[ 0.04164792 -0.10052433 -0.99406253  0.31153395]\n",
      " [-0.9767751   0.20519912 -0.06167435  0.15912391]\n",
      " [ 0.21018053  0.97354413 -0.08964354 -0.00964555]\n",
      " [ 0.          0.          0.          1.        ]]\n",
      "30\n",
      "RegistrationResult with fitness=9.870176e-01, inlier_rmse=7.193320e-04, and correspondence_set size of 33604\n",
      "Access transformation to get result.\n",
      "[[ 0.04084236 -0.09778176 -0.99436946  0.31121074]\n",
      " [-0.98247216  0.17722797 -0.05778148  0.16344201]\n",
      " [ 0.18188006  0.97930025 -0.08882945 -0.01079783]\n",
      " [ 0.          0.          0.          1.        ]]\n",
      "31\n",
      "RegistrationResult with fitness=9.851066e-01, inlier_rmse=7.842720e-04, and correspondence_set size of 33998\n",
      "Access transformation to get result.\n",
      "[[ 0.04468134 -0.09469397 -0.99450321  0.31094873]\n",
      " [-0.98658319  0.1522927  -0.05882641  0.16659323]\n",
      " [ 0.15702608  0.98378859 -0.08661884 -0.01241503]\n",
      " [ 0.          0.          0.          1.        ]]\n",
      "32\n",
      "RegistrationResult with fitness=9.574535e-01, inlier_rmse=7.262747e-04, and correspondence_set size of 33643\n",
      "Access transformation to get result.\n",
      "[[ 0.04468134 -0.09469397 -0.99450321  0.31094873]\n",
      " [-0.98658319  0.1522927  -0.05882641  0.16659323]\n",
      " [ 0.15702608  0.98378859 -0.08661884 -0.01241503]\n",
      " [ 0.          0.          0.          1.        ]]\n",
      "33\n",
      "RegistrationResult with fitness=0.000000e+00, inlier_rmse=0.000000e+00, and correspondence_set size of 0\n",
      "Access transformation to get result.\n",
      "[[ 0.0608008  -0.09017424 -0.99406834  0.31035924]\n",
      " [-0.99289017  0.09664119 -0.06949529  0.17129719]\n",
      " [ 0.10233463  0.99122605 -0.08365725 -0.01598869]\n",
      " [ 0.          0.          0.          1.        ]]\n",
      "34\n",
      "RegistrationResult with fitness=9.682919e-01, inlier_rmse=8.147937e-04, and correspondence_set size of 33622\n",
      "Access transformation to get result.\n",
      "[[ 0.06127207 -0.0850723  -0.99448903  0.31107946]\n",
      " [-0.99500827  0.07342227 -0.06758487  0.1703538 ]\n",
      " [ 0.07876724  0.99366588 -0.08014891 -0.01830597]\n",
      " [ 0.          0.          0.          1.        ]]\n",
      "35\n",
      "RegistrationResult with fitness=9.862030e-01, inlier_rmse=8.225903e-04, and correspondence_set size of 32952\n",
      "Access transformation to get result.\n",
      "[[ 0.05574649 -0.0835025  -0.99494706  0.31158719]\n",
      " [-0.99661299  0.05568401 -0.0605132   0.16758411]\n",
      " [ 0.06045565  0.99495056 -0.08011548 -0.01918514]\n",
      " [ 0.          0.          0.          1.        ]]\n",
      "36\n",
      "RegistrationResult with fitness=9.874297e-01, inlier_rmse=7.958265e-04, and correspondence_set size of 33542\n",
      "Access transformation to get result.\n",
      "[[ 0.05339327 -0.07575628 -0.99569581  0.31238987]\n",
      " [-0.99806309  0.02783022 -0.05563764  0.16482857]\n",
      " [ 0.03192533  0.99673791 -0.0741236  -0.01983784]\n",
      " [ 0.          0.          0.          1.        ]]\n",
      "37\n",
      "RegistrationResult with fitness=9.899859e-01, inlier_rmse=7.877204e-04, and correspondence_set size of 33019\n",
      "Access transformation to get result.\n",
      "[[ 0.05146884 -0.06811653 -0.99634888  0.31428362]\n",
      " [-0.9986698  -0.00660529 -0.05113715  0.16219633]\n",
      " [-0.00309788  0.99765551 -0.06836588 -0.01899233]\n",
      " [ 0.          0.          0.          1.        ]]\n",
      "38\n",
      "RegistrationResult with fitness=9.788903e-01, inlier_rmse=7.619367e-04, and correspondence_set size of 32321\n",
      "Access transformation to get result.\n",
      "[[ 0.03492945 -0.06462882 -0.99729787  0.31755401]\n",
      " [-0.99902302 -0.02929058 -0.03309173  0.15655183]\n",
      " [-0.02707275  0.99747941 -0.06558878 -0.01741905]\n",
      " [ 0.          0.          0.          1.        ]]\n",
      "39\n",
      "RegistrationResult with fitness=9.870165e-01, inlier_rmse=7.173036e-04, and correspondence_set size of 32385\n",
      "Access transformation to get result.\n",
      "[[ 0.03492945 -0.06462882 -0.99729787  0.31755401]\n",
      " [-0.99902302 -0.02929058 -0.03309173  0.15655183]\n",
      " [-0.02707275  0.99747941 -0.06558878 -0.01741905]\n",
      " [ 0.          0.          0.          1.        ]]\n",
      "40\n",
      "RegistrationResult with fitness=0.000000e+00, inlier_rmse=0.000000e+00, and correspondence_set size of 0\n",
      "Access transformation to get result.\n",
      "[[ 0.0361771  -0.04891423 -0.99814759  0.31779802]\n",
      " [-0.99615827 -0.08147081 -0.03211252  0.14941721]\n",
      " [-0.07974913  0.99547471 -0.05167369 -0.01090962]\n",
      " [ 0.          0.          0.          1.        ]]\n",
      "41\n",
      "RegistrationResult with fitness=9.643684e-01, inlier_rmse=8.334680e-04, and correspondence_set size of 32911\n",
      "Access transformation to get result.\n",
      "[[ 0.03260737 -0.03662787 -0.99879686  0.31753632]\n",
      " [-0.99334084 -0.11167437 -0.02833392  0.14443282]\n",
      " [-0.1105022   0.9930696  -0.04002536 -0.00884613]\n",
      " [ 0.          0.          0.          1.        ]]\n",
      "42\n",
      "RegistrationResult with fitness=9.937971e-01, inlier_rmse=7.986755e-04, and correspondence_set size of 32203\n",
      "Access transformation to get result.\n",
      "[[ 0.01909338 -0.03382377 -0.99924541  0.31836121]\n",
      " [-0.98974073 -0.14217775 -0.01409915  0.13810987]\n",
      " [-0.14159357  0.98926308 -0.03619142 -0.0064013 ]\n",
      " [ 0.          0.          0.          1.        ]]\n",
      "43\n",
      "RegistrationResult with fitness=9.973559e-01, inlier_rmse=6.884105e-04, and correspondence_set size of 31685\n",
      "Access transformation to get result.\n",
      "[[ 0.01682876 -0.03272765 -0.99932262  0.3177249 ]\n",
