{
 "cells": [
  {
   "cell_type": "code",
   "execution_count": 1,
   "metadata": {},
   "outputs": [
    {
     "name": "stdout",
     "output_type": "stream",
     "text": [
      "Jupyter environment detected. Enabling Open3D WebVisualizer.\n",
      "[Open3D INFO] WebRTC GUI backend enabled.\n",
      "[Open3D INFO] WebRTCWindowSystem: HTTP handshake server disabled.\n"
     ]
    }
   ],
   "source": [
    "import cv2\n",
    "import numpy as np\n",
    "import open3d as o3d\n",
    "import matplotlib.pyplot as plt\n",
    "from natsort import natsorted\n",
    "import os\n",
    "import time\n",
    "import sys\n",
    "import copy\n",
    "sys.path.append('../')\n",
    "sys.path.insert(0, '../optical_tracking')\n",
    "sys.path.insert(0, '../util')\n",
    "from phantom_registration import manual_registration, draw_registration_result\n",
    "from Solver import solver\n",
    "sol = solver()"
   ]
  },
  {
   "cell_type": "code",
   "execution_count": 56,
   "metadata": {},
   "outputs": [
    {
     "ename": "FileNotFoundError",
     "evalue": "[Errno 2] No such file or directory: '/home/shc/Desktop/data/0308/opti_2/disp/150.npy'",
     "output_type": "error",
     "traceback": [
      "\u001b[0;31m---------------------------------------------------------------------------\u001b[0m",
      "\u001b[0;31mFileNotFoundError\u001b[0m                         Traceback (most recent call last)",
      "\u001b[1;32m/home/shc/Twin-S/post_optimization/data_preparation.ipynb Cell 2\u001b[0m in \u001b[0;36m<cell line: 3>\u001b[0;34m()\u001b[0m\n\u001b[1;32m      <a href='vscode-notebook-cell:/home/shc/Twin-S/post_optimization/data_preparation.ipynb#W1sZmlsZQ%3D%3D?line=0'>1</a>\u001b[0m \u001b[39m#test\u001b[39;00m\n\u001b[1;32m      <a href='vscode-notebook-cell:/home/shc/Twin-S/post_optimization/data_preparation.ipynb#W1sZmlsZQ%3D%3D?line=1'>2</a>\u001b[0m depth_threshold \u001b[39m=\u001b[39m \u001b[39m0.3\u001b[39m\u001b[39m# meters\u001b[39;00m\n\u001b[0;32m----> <a href='vscode-notebook-cell:/home/shc/Twin-S/post_optimization/data_preparation.ipynb#W1sZmlsZQ%3D%3D?line=2'>3</a>\u001b[0m disp \u001b[39m=\u001b[39m np\u001b[39m.\u001b[39;49mload(\u001b[39m'\u001b[39;49m\u001b[39m/home/shc/Desktop/data/0308/opti_2/disp/150.npy\u001b[39;49m\u001b[39m'\u001b[39;49m)\n\u001b[1;32m      <a href='vscode-notebook-cell:/home/shc/Twin-S/post_optimization/data_preparation.ipynb#W1sZmlsZQ%3D%3D?line=3'>4</a>\u001b[0m Q \u001b[39m=\u001b[39m np\u001b[39m.\u001b[39mload(\u001b[39m'\u001b[39m\u001b[39m../params/Q.npy\u001b[39m\u001b[39m'\u001b[39m)\n\u001b[1;32m      <a href='vscode-notebook-cell:/home/shc/Twin-S/post_optimization/data_preparation.ipynb#W1sZmlsZQ%3D%3D?line=4'>5</a>\u001b[0m disp \u001b[39m=\u001b[39m cv2\u001b[39m.\u001b[39mflip(disp, \u001b[39m1\u001b[39m)\n",
      "File \u001b[0;32m~/.local/lib/python3.8/site-packages/numpy/lib/npyio.py:390\u001b[0m, in \u001b[0;36mload\u001b[0;34m(file, mmap_mode, allow_pickle, fix_imports, encoding)\u001b[0m\n\u001b[1;32m    388\u001b[0m     own_fid \u001b[39m=\u001b[39m \u001b[39mFalse\u001b[39;00m\n\u001b[1;32m    389\u001b[0m \u001b[39melse\u001b[39;00m:\n\u001b[0;32m--> 390\u001b[0m     fid \u001b[39m=\u001b[39m stack\u001b[39m.\u001b[39menter_context(\u001b[39mopen\u001b[39;49m(os_fspath(file), \u001b[39m\"\u001b[39;49m\u001b[39mrb\u001b[39;49m\u001b[39m\"\u001b[39;49m))\n\u001b[1;32m    391\u001b[0m     own_fid \u001b[39m=\u001b[39m \u001b[39mTrue\u001b[39;00m\n\u001b[1;32m    393\u001b[0m \u001b[39m# Code to distinguish from NumPy binary files and pickles.\u001b[39;00m\n",
      "\u001b[0;31mFileNotFoundError\u001b[0m: [Errno 2] No such file or directory: '/home/shc/Desktop/data/0308/opti_2/disp/150.npy'"
     ]
    }
   ],
   "source": [
    "#test\n",
    "depth_threshold = 0.3# meters\n",
    "disp = np.load('/home/shc/Desktop/data/0308/opti_3/disp/150.npy')\n",
    "Q = np.load('../params/Q.npy')\n",
    "disp = cv2.flip(disp, 1)\n",
    "\n",
    "point_cloud = cv2.reprojectImageTo3D(disp, Q)\n",
    "point_cloud = point_cloud.reshape(-1, 3)\n",
    "\n",
    "# Filter out the points beyond the depth threshold\n",
    "filtered_point_cloud = point_cloud[abs(point_cloud[:, 2]) < abs(depth_threshold)]\n",
    "\n",
    "pcd = o3d.geometry.PointCloud()\n",
    "pcd.points = o3d.utility.Vector3dVector(filtered_point_cloud)\n",
    "o3d.visualization.draw_geometries([pcd])"
   ]
  },
  {
   "cell_type": "code",
   "execution_count": 124,
   "metadata": {},
   "outputs": [],
   "source": [
    "# pcd = o3d.io.read_point_cloud('../data/phantom_point-cloud_data/phacon_exp_3.ply')\n",
    "pcd_ = o3d.io.read_point_cloud('/home/shc/Desktop/data/0308/opti_3/zed_pointcloud/30.ply')\n",
    "pcd_c = o3d.io.read_point_cloud('/home/shc/Desktop/data/0308/opti_3/cres_pointcloud/30.ply')\n",
    "\n",
    "o3d.visualization.draw_geometries([pcd_, pcd_c])"
   ]
  },
  {
   "attachments": {},
   "cell_type": "markdown",
   "metadata": {},
   "source": [
    "Path of data"
   ]
  },
  {
   "cell_type": "code",
   "execution_count": 4,
   "metadata": {},
   "outputs": [],
   "source": [
    "# disparity_dir = '../../optimization_data/disp'\n",
    "# save_dir = '../../optimization_data/pointcloud'\n",
    "\n",
    "opti_dir = '/home/shc/Desktop/data/0308/opti_3/'\n",
    "disparity_dir = os.path.join(opti_dir, 'disp')\n",
    "save_dir = os.path.join(opti_dir, '/cres_pointcloud')\n",
    "Q = np.load('../params/Q.npy')"
   ]
  },
  {
   "attachments": {},
   "cell_type": "markdown",
   "metadata": {},
   "source": [
    "**Generate cres pointcloud from the disparity maps and filter the pointcloud by depth.**"
   ]
  },
  {
   "cell_type": "code",
   "execution_count": null,
   "metadata": {},
   "outputs": [],
   "source": [
    "\n",
    "count = 0\n",
    "start = time.time()\n",
    "# Define the depth threshold\n",
    "depth_threshold = 300 /1000 # meters\n",
    "\n",
    "# Sequence of images from the left/right dir\n",
    "disparities = natsorted([os.path.join(disparity_dir, f) for f in os.listdir(disparity_dir) if \".npy\" in f])\n",
    "\n",
    "for disp_map in disparities:\n",
    "    disp = np.load(disp_map)\n",
    "    disp = cv2.flip(disp, 1)\n",
    "    point_cloud = cv2.reprojectImageTo3D(disp, Q)\n",
    "    point_cloud = point_cloud.reshape(-1, 3)\n",
    "\n",
    "    # Filter out the points beyond the depth threshold\n",
    "    filtered_point_cloud = point_cloud[abs(point_cloud[:, 2]) < abs(depth_threshold)]\n",
    "\n",
    "    pcd = o3d.geometry.PointCloud()\n",
    "    pcd.points = o3d.utility.Vector3dVector(filtered_point_cloud)\n",
    "    \n",
    "    # # Radius outlier removal:\n",
    "    # pcd_rad, ind_rad = pcd.remove_radius_outlier(nb_points=16, radius=0.05)\n",
    "    # outlier_rad_pcd = pcd.select_by_index(ind_rad, invert=True)\n",
    "    # outlier_rad_pcd.paint_uniform_color([1., 0., 1.])\n",
    "\n",
    "    # Statistical outlier removal:\n",
    "    pcd_stat, ind_stat = pcd.remove_statistical_outlier(nb_neighbors=20,\n",
    "                                                 std_ratio=2.0)\n",
    "    \n",
    "    outlier_stat_pcd = pcd.select_by_index(ind_stat, invert=True)\n",
    "    outlier_stat_pcd.paint_uniform_color([0., 0., 1.])\n",
    "\n",
    "    # o3d.visualization.draw_geometries([pcd_stat])\n",
    "\n",
    "    save_path = os.path.join(save_dir, f'{count}.ply')\n",
    "    o3d.io.write_point_cloud(save_path, pcd_stat)\n",
    "    print('Finished saving: '+f'{count}.ply')\n",
    "    \n",
    "    count += 1\n",
    "end = time.time()\n",
    "print(f'Done with pointcloud saving in {end - start}s')"
   ]
  },
  {
   "attachments": {},
   "cell_type": "markdown",
   "metadata": {},
   "source": [
    "Filter ZED pointcloud"
   ]
  },
  {
   "cell_type": "code",
   "execution_count": 158,
   "metadata": {},
   "outputs": [
    {
     "name": "stdout",
     "output_type": "stream",
     "text": [
      "Finished saving: 245.ply\n",
      "Finished saving: 246.ply\n",
      "Finished saving: 247.ply\n",
      "Finished saving: 248.ply\n",
      "Finished saving: 249.ply\n",
      "Finished saving: 250.ply\n",
      "Finished saving: 251.ply\n",
      "Finished saving: 252.ply\n",
      "Finished saving: 253.ply\n",
      "Finished saving: 254.ply\n",
      "Finished saving: 255.ply\n",
      "Finished saving: 256.ply\n",
      "Finished saving: 257.ply\n",
      "Finished saving: 258.ply\n",
      "Finished saving: 259.ply\n",
      "Finished saving: 260.ply\n",
      "Finished saving: 261.ply\n",
      "Finished saving: 262.ply\n",
      "Finished saving: 263.ply\n",
      "Finished saving: 264.ply\n"
     ]
    }
   ],
   "source": [
    "pointcloud_dir = '/media/shc/Elements/Twin-S_data/0314/opti_1/zed_pointcloud/'\n",
    "save_dir = '/media/shc/Elements/Twin-S_data/0314/opti_1/filtered_zed_pointcloud/'\n",
    "\n",
    "depth_threshold = 0.236\n",
    "\n",
    "pointclouds = natsorted([os.path.join(pointcloud_dir, f) for f in os.listdir(pointcloud_dir) if \".ply\" in f])\n",
    "for [count,pointcloud] in enumerate(pointclouds):\n",
    "    if count < 245:\n",
    "        # count += 1\n",
    "        continue\n",
    "    else:\n",
    "        pcd_zed = o3d.io.read_point_cloud(os.path.join(pointcloud_dir, pointcloud))\n",
    "\n",
    "        # Statistical outlier removal:  \n",
    "        pcd_zed, ind_stat = pcd_zed.remove_statistical_outlier(nb_neighbors=20,\n",
    "                                                    std_ratio=2.0)\n",
    "        \n",
    "        np_pcd_zed = np.asarray(pcd_zed.points)\n",
    "\n",
    "        distances = np.sqrt(np.sum(np_pcd_zed**2, axis=1))\n",
    "        filtered_point_cloud = np_pcd_zed[distances <= depth_threshold]\n",
    "        # filtered_point_cloud = np_pcd_zed[abs(np_pcd_zed[:, 2]) < abs(depth_threshold)]\n",
    "\n",
    "        pcd_zed.points = o3d.utility.Vector3dVector(filtered_point_cloud)\n",
    "        save_path = os.path.join(save_dir, f'{count}.ply')\n",
    "        # o3d.io.write_point_cloud(save_path, pcd_zed)\n",
    "        print('Finished saving: '+f'{count}.ply')\n",
    "        o3d.io.write_point_cloud(save_path, pcd_zed)\n",
    "        o3d.visualization.draw_geometries([pcd_zed])\n",
    "\n",
    "        # count += 1"
   ]
  },
  {
   "attachments": {},
   "cell_type": "markdown",
   "metadata": {},
   "source": [
    "**Do phantom registration for all pointcloud**"
   ]
  },
  {
   "cell_type": "code",
   "execution_count": 163,
   "metadata": {},
   "outputs": [],
   "source": [
    "def phantom_registration(pointcloud_dir, T_c_p_path):\n",
    "\n",
    "    pcd_source_init = o3d.io.read_point_cloud(os.path.join(pointcloud_dir, \"0.ply\"))\n",
    "    pcd_target = o3d.io.read_point_cloud(\"../data/phantom_point-cloud_data/phacon_exp_3.ply\")\n",
    "    pcd_target = pcd_target.voxel_down_sample(voxel_size=0.001)\n",
    "    cam2ph_list = []\n",
    "    count = 0\n",
    "\n",
    "    # manual registration to initialize\n",
    "    init_result = manual_registration(pcd_source_init, pcd_target)\n",
    "    # draw_registration_result(pcd_source_init, pcd_target, result.transformation)\n",
    "\n",
    "    pointclouds = natsorted([os.path.join(pointcloud_dir, f) for f in os.listdir(pointcloud_dir) if \".ply\" in f])\n",
    "    # pointclouds = pointclouds[15:]\n",
    "    print(\"Apply point-to-plane ICP\")\n",
    "\n",
    "    loss = o3d.pipelines.registration.TukeyLoss(k=0.1)\n",
    "\n",
    "    for pointcloud in pointclouds:\n",
    "        pcd_source = o3d.io.read_point_cloud(pointcloud)\n",
    "        \n",
    "        threshold = 1.0\n",
    "\n",
    "        trans_init_icp = init_result.transformation\n",
    "\n",
    "        result = o3d.pipelines.registration.registration_icp(\n",
    "            pcd_source, pcd_target, threshold, trans_init_icp,\n",
    "            o3d.pipelines.registration.TransformationEstimationPointToPlane(loss))\n",
    "\n",
    "        print(f\"Transformation is ({count}):\")\n",
    "        print(result.transformation)\n",
    "        print(count)\n",
    "        # if count % 3 == 0:\n",
    "        #     draw_registration_result(pcd_source, pcd_target, result.transformation)\n",
    "        ph2cam = result.transformation\n",
    "        cam2ph = sol.invTransformation(ph2cam)\n",
    "        cam2ph[:3, 3] = cam2ph[:3, 3]*1000\n",
    "        cam2ph_list.append(cam2ph)\n",
    "        \n",
    "        init_result = result\n",
    "        count += 1\n",
    "\n",
    "        # print(T_o_p.shape)\n",
    "        # if count == 10:\n",
    "        #     break\n",
    "    T_c_p = np.array(cam2ph_list)\n",
    "    # print(T_c_p.shape)\n",
    "    np.save(f'../data/post_optimization_data/{T_c_p_path}', T_c_p[:150,:,:])\n"
   ]
  },
  {
   "cell_type": "code",
   "execution_count": 164,
   "metadata": {},
   "outputs": [
    {
     "name": "stdout",
     "output_type": "stream",
     "text": [
      "Visualization of two point clouds before manual alignment\n",
      "\n",
      "1) Please pick at least three correspondences using [shift + left click]\n",
      "   Press [shift + right click] to undo point picking\n",
      "2) After picking points, press 'Q' to close the window\n",
      "[Open3D INFO] Picked point #14608 (0.018, 0.031, -0.27) to add in queue.\n",
      "[Open3D INFO] Picked point #24543 (0.011, 0.0086, -0.27) to add in queue.\n",
      "[Open3D INFO] Picked point #19936 (-0.0080, 0.02, -0.28) to add in queue.\n",
      "\n",
      "\n",
      "1) Please pick at least three correspondences using [shift + left click]\n",
      "   Press [shift + right click] to undo point picking\n",
      "2) After picking points, press 'Q' to close the window\n",
      "[Open3D INFO] Picked point #26597 (-0.019, 0.0039, 0.0045) to add in queue.\n",
      "[Open3D INFO] Picked point #6100 (0.0054, 0.013, 0.0010) to add in queue.\n",
      "[Open3D INFO] Picked point #7716 (0.0053, 0.0084, 0.023) to add in queue.\n",
      "\n",
      "Compute a rough transform using the correspondences given by user\n",
      "Perform point-to-point ICP refinement\n",
      "\n",
      "Apply point-to-plane ICP\n",
      "Transformation is (0):\n",
      "[[-0.39323924 -0.80687032 -0.44082104 -0.10521571]\n",
      " [-0.07495667 -0.44971745  0.89002006  0.26086626]\n",
      " [-0.91637569  0.38303329  0.11636624  0.04156499]\n",
      " [ 0.          0.          0.          1.        ]]\n",
      "0\n",
      "Transformation is (1):\n",
      "[[-0.37859382 -0.80694481 -0.45332857 -0.10614449]\n",
      " [-0.08474216 -0.45750894  0.8851578   0.26067353]\n",
      " [-0.92167537  0.37353132  0.10482781  0.0385106 ]\n",
      " [ 0.          0.          0.          1.        ]]\n",
      "1\n",
      "Transformation is (2):\n",
      "[[-0.38218285 -0.79561706 -0.47003166 -0.10961151]\n",
      " [-0.09752918 -0.47107535  0.8766847   0.25865471]\n",
      " [-0.91892564  0.38089566  0.10244104  0.03773062]\n",
      " [ 0.          0.          0.          1.        ]]\n",
      "2\n",
      "Transformation is (3):\n",
      "[[-0.36345659 -0.80117204 -0.47541842 -0.10986522]\n",
      " [-0.10125531 -0.47332288  0.87505018  0.2587492 ]\n",
      " [-0.92609215  0.3661814   0.0909094   0.03545314]\n",
      " [ 0.          0.          0.          1.        ]]\n",
      "3\n",
      "Transformation is (4):\n",
      "[[-0.35183449 -0.80589808 -0.47617305 -0.1097495 ]\n",
      " [-0.11350943 -0.46821241  0.8762949   0.26064725]\n",
      " [-0.92915451  0.3623609   0.07325624  0.03155283]\n",
      " [ 0.          0.          0.          1.        ]]\n",
      "4\n",
      "Transformation is (5):\n",
      "[[-0.34876605 -0.80520395 -0.47959237 -0.11204828]\n",
      " [-0.12231688 -0.46823985  0.87509429  0.26267521]\n",
      " [-0.92919364  0.36386542  0.06481613  0.02831902]\n",
      " [ 0.          0.          0.          1.        ]]\n",
      "5\n",
      "Transformation is (6):\n",
      "[[-0.35784603 -0.79123418 -0.49587771 -0.12002757]\n",
      " [-0.12349855 -0.48627544  0.86503428  0.26163725]\n",
      " [-0.92557784  0.37078926  0.07629546  0.02762889]\n",
      " [ 0.          0.          0.          1.        ]]\n",
      "6\n",
      "Transformation is (7):\n",
      "[[-0.33675177 -0.79522759 -0.50419374 -0.12339064]\n",
      " [-0.09777914 -0.50303974  0.85871431  0.26142736]\n",
      " [-0.9365028   0.33847319  0.09164285  0.02617952]\n",
      " [ 0.          0.          0.          1.        ]]\n",
      "7\n",
      "Transformation is (8):\n",
      "[[-0.37195379 -0.75674205 -0.53757963 -0.13317779]\n",
      " [-0.10404042 -0.54149584  0.83424088  0.25410452]\n",
      " [-0.92240228  0.36622906  0.12267967  0.02754173]\n",
      " [ 0.          0.          0.          1.        ]]\n",
      "8\n",
      "Transformation is (9):\n",
      "[[-0.35916567 -0.76867185 -0.52928594 -0.13181212]\n",
      " [-0.08997368 -0.53596766  0.8394304   0.25375957]\n",
      " [-0.92892667  0.34911639  0.12334095  0.0257808 ]\n",
      " [ 0.          0.          0.          1.        ]]\n",
      "9\n",
      "Transformation is (10):\n",
      "[[-0.37310339 -0.75187763 -0.5435751  -0.1370671 ]\n",
      " [-0.08397777 -0.55610892  0.82685585  0.24956448]\n",
      " [-0.92398138  0.35415095  0.14434511  0.03013973]\n",
      " [ 0.          0.          0.          1.        ]]\n",
      "10\n",
      "Transformation is (11):\n",
      "[[-0.35795973 -0.77056365 -0.52734855 -0.13488212]\n",
      " [-0.0631477  -0.54350104  0.83702986  0.25012203]\n",
      " [-0.93159927  0.33292383  0.14589216  0.02897176]\n",
      " [ 0.          0.          0.          1.        ]]\n",
      "11\n",
      "Transformation is (12):\n",
      "[[-0.37230516 -0.75545485 -0.53914455 -0.14119557]\n",
      " [-0.06022874 -0.56001536  0.82629008  0.24600664]\n",
      " [-0.92615407  0.34010406  0.16299651  0.03132655]\n",
      " [ 0.          0.          0.          1.        ]]\n",
      "12\n",
      "Transformation is (13):\n",
      "[[-0.36770032 -0.77230371 -0.51801877 -0.13919568]\n",
      " [-0.03460859 -0.54529233  0.8375312   0.246921  ]\n",
      " [-0.92930012  0.32588839  0.17377582  0.03224327]\n",
      " [ 0.          0.          0.          1.        ]]\n",
      "13\n",
      "Transformation is (14):\n",
      "[[-0.3717494  -0.77830685 -0.50600477 -0.14167626]\n",
      " [-0.01174844 -0.54108012  0.84088898  0.24592758]\n",
      " [-0.92825878  0.31854474  0.19200232  0.0351345 ]\n",
      " [ 0.          0.          0.          1.        ]]\n",
      "14\n",
      "Transformation is (15):\n",
      "[[-3.85293756e-01 -7.74060920e-01 -5.02372783e-01 -1.45640580e-01]\n",
      " [-7.08294416e-04 -5.44155827e-01  8.38983870e-01  2.44329921e-01]\n",
      " [-9.22793704e-01  3.23611074e-01  2.09111579e-01  3.71688296e-02]\n",
      " [ 0.00000000e+00  0.00000000e+00  0.00000000e+00  1.00000000e+00]]\n",
      "15\n",
      "Transformation is (16):\n",
      "[[-0.39729984 -0.7699271  -0.4993647  -0.14698982]\n",
      " [ 0.01697331 -0.55022676  0.83484275  0.24234292]\n",
      " [-0.91753188  0.32320702  0.23167322  0.03993144]\n",
      " [ 0.          0.          0.          1.        ]]\n",
      "16\n",
      "Transformation is (17):\n",
      "[[-0.42078225 -0.75896307 -0.4969078  -0.14847422]\n",
      " [ 0.01762336 -0.55449671  0.83199929  0.23946269]\n",
      " [-0.90699047  0.34133335  0.24669785  0.04421552]\n",
      " [ 0.          0.          0.          1.        ]]\n",
      "17\n",
      "Transformation is (18):\n",
      "[[-0.42351211 -0.76420363 -0.48644661 -0.1471081 ]\n",
      " [ 0.03361964 -0.54987098  0.83457272  0.23914981]\n",
      " [-0.90526637  0.3370975   0.25856927  0.04649681]\n",
      " [ 0.          0.          0.          1.        ]]\n",
      "18\n",
      "Transformation is (19):\n",
      "[[-0.42523514 -0.76940112 -0.47665186 -0.14528501]\n",
      " [ 0.04749545 -0.54488283  0.83716598  0.23934038]\n",
      " [-0.90383586  0.3333536   0.26824637  0.04922252]\n",
      " [ 0.          0.          0.          1.        ]]\n",
      "19\n",
      "Transformation is (20):\n",
      "[[-0.43348991 -0.75871425 -0.48625012 -0.14811093]\n",
      " [ 0.06103354 -0.563063    0.82415712  0.23617344]\n",
      " [-0.89908921  0.32758623  0.29038915  0.0541218 ]\n",
      " [ 0.          0.          0.          1.        ]]\n",
      "20\n",
      "Transformation is (21):\n",
      "[[-0.42864939 -0.77769564 -0.45983605 -0.14054565]\n",
      " [ 0.07730709 -0.53867147  0.83896166  0.23866487]\n",
      " [-0.90015738  0.32407182  0.29102258  0.05397676]\n",
      " [ 0.          0.          0.          1.        ]]\n",
      "21\n",
      "Transformation is (22):\n",
      "[[-0.44440662 -0.76903093 -0.45944988 -0.14110504]\n",
      " [ 0.08759183 -0.54772417  0.83206124  0.23647045]\n",
      " [-0.89153263  0.32952946  0.31077307  0.05895747]\n",
      " [ 0.          0.          0.          1.        ]]\n",
      "22\n",
      "Transformation is (23):\n",
      "[[-0.44617787 -0.77445983 -0.44848332 -0.13796471]\n",
      " [ 0.10184226 -0.54181279  0.83430633  0.23660447]\n",
      " [-0.88913074  0.32657446  0.32061762  0.06143296]\n",
      " [ 0.          0.          0.          1.        ]]\n",
      "23\n",
      "Transformation is (24):\n",
      "[[-0.45231672 -0.77954221 -0.43327074 -0.13429744]\n",
      " [ 0.12156583 -0.53516239  0.83595632  0.23687856]\n",
      " [-0.88353344  0.3254461   0.33682859  0.06542595]\n",
      " [ 0.          0.          0.          1.        ]]\n",
      "24\n",
      "Transformation is (25):\n",
      "[[-0.4550902  -0.78654625 -0.41741814 -0.13017623]\n",
      " [ 0.13397668 -0.5239215   0.84116378  0.2383382 ]\n",
      " [-0.88030856  0.3268811   0.34381039  0.06726816]\n",
      " [ 0.          0.          0.          1.        ]]\n",
      "25\n",
      "Transformation is (26):\n",
      "[[-0.44785953 -0.80091193 -0.39744424 -0.12386363]\n",
      " [ 0.14524814 -0.50378414  0.85153069  0.24160043]\n",
      " [-0.88222719  0.3236381   0.3419555   0.06747901]\n",
      " [ 0.          0.          0.          1.        ]]\n",
      "26\n",
      "Transformation is (27):\n",
      "[[-0.47566567 -0.78992828 -0.38698253 -0.1216518 ]\n",
      " [ 0.13725748 -0.50120525  0.85437327  0.24248071]\n",
      " [-0.86885128  0.35327978  0.3468297   0.07068277]\n",
      " [ 0.          0.          0.          1.        ]]\n",
      "27\n",
      "Transformation is (28):\n",
      "[[-0.46857013 -0.79632191 -0.3825094  -0.11940758]\n",
      " [ 0.13944143 -0.49422379  0.85807863  0.24371007]\n",
      " [-0.87235206  0.34873236  0.34261877  0.0736056 ]\n",
      " [ 0.          0.          0.          1.        ]]\n",
      "28\n",
      "Transformation is (29):\n",
      "[[-0.46852828 -0.79897742 -0.3769832  -0.11752329]\n",
      " [ 0.13315003 -0.48570641  0.8639215   0.24520714]\n",
      " [-0.87335693  0.35457633  0.33395106  0.07436235]\n",
      " [ 0.          0.          0.          1.        ]]\n",
      "29\n",
      "Transformation is (30):\n",
      "[[-0.45415532 -0.80789634 -0.37556153 -0.1159207 ]\n",
      " [ 0.13403193 -0.47870139  0.86768682  0.24681807]\n",
      " [-0.88078283  0.34372735  0.32568868  0.07313019]\n",
      " [ 0.          0.          0.          1.        ]]\n",
      "30\n",
      "Transformation is (31):\n",
      "[[-0.45586159 -0.80940387 -0.37021019 -0.11275177]\n",
      " [ 0.12259418 -0.46907865  0.87460613  0.24848238]\n",
      " [-0.88156728  0.35331373  0.31306314  0.07188211]\n",
      " [ 0.          0.          0.          1.        ]]\n",
      "31\n",
      "Transformation is (32):\n",
      "[[-0.4490792  -0.81511114 -0.36595314 -0.11064597]\n",
      " [ 0.11519595 -0.45897765  0.88094802  0.25131957]\n",
      " [-0.88603486  0.35345911  0.30001482  0.0694243 ]\n",
      " [ 0.          0.          0.          1.        ]]\n",
      "32\n",
      "Transformation is (33):\n",
      "[[-0.44253528 -0.81754046 -0.3684971  -0.10862958]\n",
      " [ 0.1079615  -0.45650732  0.88314517  0.25349026]\n",
      " [-0.89022853  0.35103939  0.29028349  0.06682236]\n",
      " [ 0.          0.          0.          1.        ]]\n",
      "33\n",
      "Transformation is (34):\n",
      "[[-0.42070442 -0.83027605 -0.365581   -0.1024516 ]\n",
      " [ 0.10523097 -0.44492018  0.88936634  0.25664748]\n",
      " [-0.90107393  0.33568991  0.27455064  0.06373256]\n",
      " [ 0.          0.          0.          1.        ]]\n",
      "34\n",
      "Transformation is (35):\n",
      "[[-0.43511761 -0.81817265 -0.37585393 -0.10290626]\n",
      " [ 0.08642281 -0.45346672  0.8870733   0.25636257]\n",
      " [-0.89621636  0.35349886  0.26802013  0.06213812]\n",
      " [ 0.          0.          0.          1.        ]]\n",
      "35\n",
      "Transformation is (36):\n",
      "[[-0.43300274 -0.82259812 -0.36856609 -0.09905601]\n",
      " [ 0.07089655 -0.43869812  0.89583349  0.25824395]\n",
      " [-0.89860019  0.36176829  0.24827686  0.05915783]\n",
      " [ 0.          0.          0.          1.        ]]\n",
      "36\n",
      "Transformation is (37):\n",
      "[[-0.40825859 -0.83517592 -0.3685188  -0.09661846]\n",
      " [ 0.06443435 -0.42905157  0.90097889  0.26113119]\n",
      " [-0.91058944  0.34408711  0.22897801  0.0542281 ]\n",
      " [ 0.          0.          0.          1.        ]]\n",
      "37\n",
      "Transformation is (38):\n",
      "[[-0.40563783 -0.83255632 -0.37723722 -0.09721601]\n",
      " [ 0.05441354 -0.43398044  0.89927757  0.26140319]\n",
      " [-0.9124128   0.34425419  0.22134122  0.05259525]\n",
      " [ 0.          0.          0.          1.        ]]\n",
      "38\n",
      "Transformation is (39):\n",
      "[[-0.42572172 -0.81712384 -0.38867679 -0.09883461]\n",
      " [ 0.02721195 -0.44091361  0.89713694  0.26196056]\n",
      " [-0.90444487  0.37135403  0.20994203  0.0491159 ]\n",
      " [ 0.          0.          0.          1.        ]]\n",
      "39\n",
      "Transformation is (40):\n",
      "[[-0.40547531 -0.8265043  -0.39048739 -0.09783808]\n",
      " [ 0.02319793 -0.43634589  0.89947992  0.26330157]\n",
      " [-0.91381159  0.3556584   0.19610068  0.0456254 ]\n",
      " [ 0.          0.          0.          1.        ]]\n",
      "40\n",
      "Transformation is (41):\n",
      "[[-0.40107134 -0.82932135 -0.38906026 -0.09730894]\n",
      " [ 0.01545866 -0.43078356  0.90232287  0.26463879]\n",
      " [-0.91591638  0.35588149  0.18559513  0.04310379]\n",
      " [ 0.          0.          0.          1.        ]]\n",
      "41\n",
      "Transformation is (42):\n",
      "[[-3.91527436e-01 -8.32643828e-01 -3.91676553e-01 -9.79430510e-02]\n",
      " [ 5.65250514e-04 -4.25875935e-01  9.04781393e-01  2.66144215e-01]\n",
      " [-9.20166261e-01  3.54025344e-01  1.67212765e-01  3.93589045e-02]\n",
      " [ 0.00000000e+00  0.00000000e+00  0.00000000e+00  1.00000000e+00]]\n",
      "42\n",
      "Transformation is (43):\n",
      "[[-0.40275154 -0.82228595 -0.40204106 -0.10272809]\n",
      " [-0.01940572 -0.43147088  0.90191812  0.26531585]\n",
      " [-0.91510361  0.37105081  0.15781851  0.03987428]\n",
      " [ 0.          0.          0.          1.        ]]\n",
      "43\n",
      "Transformation is (44):\n",
      "[[-0.38876326 -0.83500019 -0.38940701 -0.1016591 ]\n",
      " [-0.01992426 -0.41493578  0.90963252  0.26794588]\n",
      " [-0.92112223  0.36139035  0.14467502  0.03621912]\n",
      " [ 0.          0.          0.          1.        ]]\n",
      "44\n",
      "Transformation is (45):\n",
      "[[-0.40849996 -0.81691555 -0.40715693 -0.10947736]\n",
      " [-0.04129944 -0.42907371  0.90232483  0.26517744]\n",
      " [-0.91182353  0.38541501  0.14153844  0.03494044]\n",
      " [ 0.          0.          0.          1.        ]]\n",
      "45\n",
      "Transformation is (46):\n",
      "[[-0.41308154 -0.80999707 -0.41625519 -0.11289557]\n",
      " [-0.05212642 -0.43529568  0.89877723  0.26337283]\n",
      " [-0.90920101  0.39296617  0.13759036  0.03238209]\n",
      " [ 0.          0.          0.          1.        ]]\n",
      "46\n",
      "Transformation is (47):\n",
      "[[-0.37680344 -0.83559305 -0.39975422 -0.10844801]\n",
      " [-0.04829814 -0.41325306  0.90933448  0.26509787]\n",
      " [-0.92503322  0.36194774  0.11535759  0.02725046]\n",
      " [ 0.          0.          0.          1.        ]]\n",
      "47\n",
      "Transformation is (48):\n",
      "[[-0.40520205 -0.80425153 -0.4347307  -0.12015978]\n",
      " [-0.0851127  -0.44026636  0.89382401  0.26054312]\n",
      " [-0.91025663  0.39918042  0.10994482  0.02815475]\n",
      " [ 0.          0.          0.          1.        ]]\n",
      "48\n",
      "Transformation is (49):\n",
      "[[-0.38445049 -0.81448386 -0.43452718 -0.11934322]\n",
      " [-0.09461969 -0.43345696  0.89619316  0.26128742]\n",
      " [-0.91828369  0.38565672  0.08957653  0.02444196]\n",
      " [ 0.          0.          0.          1.        ]]\n",
      "49\n",
      "Transformation is (50):\n",
      "[[-0.40031617 -0.79222693 -0.46056863 -0.12564556]\n",
      " [-0.12329719 -0.45146239  0.88373045  0.2578669 ]\n",
      " [-0.90804447  0.41055841  0.08304834  0.02381933]\n",
      " [ 0.          0.          0.          1.        ]]\n",
      "50\n",
      "Transformation is (51):\n",
      "[[-0.40159552 -0.79070869 -0.46206147 -0.12564269]\n",
      " [-0.13113359 -0.4496877   0.88350719  0.25683543]\n",
      " [-0.90638017  0.41540431  0.07690409  0.02266653]\n",
      " [ 0.          0.          0.          1.        ]]\n",
      "51\n",
      "Transformation is (52):\n",
      "[[-0.4221752  -0.76477941 -0.48670377 -0.13397512]\n",
      " [-0.16200731 -0.46460005  0.87057477  0.25321335]\n",
      " [-0.89192025  0.44638464  0.07224277  0.02524727]\n",
      " [ 0.          0.          0.          1.        ]]\n",
      "52\n",
      "Transformation is (53):\n",
      "[[-0.39514592 -0.78674852 -0.47422197 -0.13140688]\n",
      " [-0.1612834  -0.44879779  0.87895859  0.2567401 ]\n",
      " [-0.90434914  0.42380103  0.05045114  0.0219874 ]\n",
      " [ 0.          0.          0.          1.        ]]\n",
      "53\n",
      "Transformation is (54):\n",
      "[[-0.39796176 -0.77223572 -0.49525592 -0.13920856]\n",
      " [-0.18051798 -0.46337564  0.8675807   0.25432828]\n",
      " [-0.89946634  0.43466654  0.04500335  0.02374524]\n",
      " [ 0.          0.          0.          1.        ]]\n",
      "54\n",
      "Transformation is (55):\n",
      "[[-0.39834193 -0.76865204 -0.5004975  -0.14187806]\n",
      " [-0.19205042 -0.46366931  0.86494359  0.25385019]\n",
      " [-0.89690598  0.44066406  0.03707898  0.02318331]\n",
      " [ 0.          0.          0.          1.        ]]\n",
      "55\n",
      "Transformation is (56):\n",
      "[[-0.39766419 -0.76478626 -0.50691732 -0.14655349]\n",
      " [-0.19733128 -0.46826416  0.86127176  0.2519353 ]\n",
      " [-0.89606002  0.44252758  0.03529563  0.02327607]\n",
      " [ 0.          0.          0.          1.        ]]\n",
      "56\n",
      "Transformation is (57):\n",
      "[[-0.38974934 -0.77153626 -0.5028193  -0.14674203]\n",
      " [-0.18635762 -0.46862406  0.86351741  0.25191441]\n",
      " [-0.90186822  0.43025955  0.03886426  0.02436783]\n",
      " [ 0.          0.          0.          1.        ]]\n",
      "57\n",
      "Transformation is (58):\n",
      "[[-0.36979799 -0.7910695  -0.48729712 -0.14353632]\n",
      " [-0.17084368 -0.45763815  0.87257078  0.25368623]\n",
      " [-0.91326989  0.40592655  0.03408445  0.02352295]\n",
      " [ 0.          0.          0.          1.        ]]\n",
      "58\n",
      "Transformation is (59):\n",
      "[[-0.37163557 -0.78923654 -0.48886878 -0.14449097]\n",
      " [-0.15427178 -0.46676189  0.8708235   0.25220668]\n",
      " [-0.91547104  0.39904765  0.0517084   0.02754429]\n",
      " [ 0.          0.          0.          1.        ]]\n",
      "59\n",
      "Transformation is (60):\n",
      "[[-0.38460338 -0.78713038 -0.48218877 -0.14571157]\n",
      " [-0.13764939 -0.46762281  0.87314464  0.25052281]\n",
      " [-0.91276113  0.40218736  0.0715013   0.03000455]\n",
      " [ 0.          0.          0.          1.        ]]\n",
      "60\n",
      "Transformation is (61):\n",
      "[[-0.39860404 -0.77392998 -0.49208455 -0.15080698]\n",
      " [-0.13250611 -0.48232404  0.86591319  0.24670961]\n",
      " [-0.90750039  0.4103607   0.08970586  0.03431375]\n",
      " [ 0.          0.          0.          1.        ]]\n",
      "61\n",
      "Transformation is (62):\n",
      "[[-0.39614659 -0.7821803  -0.48089693 -0.14951466]\n",
      " [-0.11805547 -0.47600917  0.87148045  0.2475737 ]\n",
      " [-0.91056619  0.40200652  0.09622874  0.03492794]\n",
      " [ 0.          0.          0.          1.        ]]\n",
      "62\n",
      "Transformation is (63):\n",
      "[[-0.39950462 -0.79099405 -0.46338372 -0.14739227]\n",
      " [-0.09368759 -0.46759894  0.87896181  0.24794811]\n",
      " [-0.9119313   0.39456261  0.11270161  0.03697739]\n",
      " [ 0.          0.          0.          1.        ]]\n",
      "63\n",
      "Transformation is (64):\n",
      "[[-0.42013795 -0.77965741 -0.46434732 -0.14957982]\n",
      " [-0.09058349 -0.47311208  0.87633304  0.2458317 ]\n",
      " [-0.90292787  0.41024296  0.12814824  0.0412679 ]\n",
      " [ 0.          0.          0.          1.        ]]\n",
      "64\n",
      "Transformation is (65):\n",
      "[[-0.43607048 -0.77135162 -0.46352909 -0.15046149]\n",
      " [-0.07627799 -0.4815471   0.87309453  0.24416117]\n",
      " [-0.89667397  0.41608782  0.15115133  0.04545387]\n",
      " [ 0.          0.          0.          1.        ]]\n",
      "65\n",
      "Transformation is (66):\n",
      "[[-0.44842335 -0.76525244 -0.46184976 -0.15031649]\n",
      " [-0.06556459 -0.48715992  0.87084815  0.24297966]\n",
      " [-0.89141336  0.42078964  0.16828042  0.04656751]\n",
      " [ 0.          0.          0.          1.        ]]\n",
      "66\n",
      "Transformation is (67):\n",
      "[[-0.46688656 -0.75718482 -0.45682391 -0.15006106]\n",
      " [-0.05478561 -0.49082501  0.86953398  0.24125123]\n",
      " [-0.88261853  0.43100111  0.18767677  0.05000781]\n",
      " [ 0.          0.          0.          1.        ]]\n",
      "67\n",
      "Transformation is (68):\n",
      "[[-0.46648269 -0.76937049 -0.4364206  -0.14687261]\n",
      " [-0.02279646 -0.48277144  0.87544963  0.24353215]\n",
      " [-0.88423652  0.41833095  0.20766559  0.05172182]\n",
      " [ 0.          0.          0.          1.        ]]\n",
      "68\n",
      "Transformation is (69):\n",
      "[[-0.48842767 -0.75800994 -0.43227229 -0.14686395]\n",
      " [-0.0094669  -0.49074953  0.87124926  0.24175355]\n",
      " [-0.87255303  0.42963453  0.23251964  0.05663475]\n",
      " [ 0.          0.          0.          1.        ]]\n",
      "69\n",
      "Transformation is (70):\n",
      "[[-0.494884   -0.75653129 -0.42749297 -0.1459844 ]\n",
      " [ 0.00362089 -0.49375093  0.86959583  0.24171885]\n",
      " [-0.86895151  0.42880115  0.24708875  0.05839644]\n",
      " [ 0.          0.          0.          1.        ]]\n",
      "70\n",
      "Transformation is (71):\n",
      "[[-0.49184016 -0.76642707 -0.41313776 -0.14232825]\n",
      " [ 0.02572521 -0.48708174  0.87297743  0.24372118]\n",
      " [-0.87030539  0.4187373   0.25928286  0.05859911]\n",
      " [ 0.          0.          0.          1.        ]]\n",
      "71\n",
      "Transformation is (72):\n",
      "[[-0.50964823 -0.75515841 -0.41230384 -0.14272999]\n",
      " [ 0.03039355 -0.49471243  0.8685251   0.24172722]\n",
      " [-0.85984586  0.4301109   0.27508126  0.06212161]\n",
      " [ 0.          0.          0.          1.        ]]\n",
      "72\n",
      "Transformation is (73):\n",
      "[[-0.51513827 -0.75666268 -0.40260917 -0.140412  ]\n",
      " [ 0.03781324 -0.48933613  0.87127511  0.24251265]\n",
      " [-0.85627257  0.4336032   0.28068764  0.0634531 ]\n",
      " [ 0.          0.          0.          1.        ]]\n",
      "73\n",
      "Transformation is (74):\n",
      "[[-0.51354862 -0.76388423 -0.39083079 -0.13783053]\n",
      " [ 0.05325625 -0.482979    0.8740109   0.24423422]\n",
      " [-0.8564062   0.42803291  0.2887148   0.06436151]\n",
      " [ 0.          0.          0.          1.        ]]\n",
      "74\n",
      "Transformation is (75):\n",
      "[[-0.5184751  -0.76192793 -0.38813579 -0.13422434]\n",
      " [ 0.05880658 -0.48460785  0.87275255  0.24503919]\n",
      " [-0.8530682   0.42967553  0.29606348  0.06693085]\n",
      " [ 0.          0.          0.          1.        ]]\n",
      "75\n",
      "Transformation is (76):\n",
      "[[-0.51293425 -0.77275736 -0.37382418 -0.12706474]\n",
      " [ 0.07660852 -0.47494506  0.87667458  0.24743458]\n",
      " [-0.85500269  0.4210383   0.30281538  0.06924629]\n",
      " [ 0.          0.          0.          1.        ]]\n",
      "76\n",
      "Transformation is (77):\n",
      "[[-0.51229575 -0.77705074 -0.36571193 -0.12130586]\n",
      " [ 0.08213787 -0.46821632  0.87978796  0.24895747]\n",
      " [-0.85487217  0.42067283  0.30369052  0.07113685]\n",
      " [ 0.          0.          0.          1.        ]]\n",
      "77\n",
      "Transformation is (78):\n",
      "[[-0.53383753 -0.76325864 -0.36394195 -0.12027201]\n",
      " [ 0.06744204 -0.46746254  0.88143652  0.24904096]\n",
      " [-0.84289327  0.44599891  0.30102477  0.07302345]\n",
      " [ 0.          0.          0.          1.        ]]\n",
      "78\n",
      "Transformation is (79):\n",
      "[[-0.54113585 -0.76140923 -0.35697055 -0.11799442]\n",
      " [ 0.06233361 -0.45964256  0.88591379  0.25136023]\n",
      " [-0.83862179  0.45714845  0.29619045  0.07237312]\n",
      " [ 0.          0.          0.          1.        ]]\n",
      "79\n",
      "Transformation is (80):\n",
      "[[-0.53537174 -0.77632652 -0.33270743 -0.11406713]\n",
      " [ 0.06776227 -0.43212481  0.89926438  0.2546401 ]\n",
      " [-0.84189392  0.45889572  0.28395305  0.07069671]\n",
      " [ 0.          0.          0.          1.        ]]\n",
      "80\n",
      "Transformation is (81):\n",
      "[[-0.53530131 -0.7731559  -0.34012124 -0.11336239]\n",
      " [ 0.05574056 -0.43412896  0.8991246   0.25604687]\n",
      " [-0.84281997  0.46234403  0.27548594  0.06948758]\n",
      " [ 0.          0.          0.          1.        ]]\n",
      "81\n",
      "Transformation is (82):\n",
      "[[-0.53514364 -0.77756294 -0.33017747 -0.10753291]\n",
      " [ 0.05248381 -0.42070097  0.90567993  0.257997  ]\n",
      " [-0.84312913  0.46733989  0.26594492  0.06652974]\n",
      " [ 0.          0.          0.          1.        ]]\n",
      "82\n",
      "Transformation is (83):\n",
      "[[-0.51124558 -0.79996206 -0.31414752 -0.10023364]\n",
      " [ 0.05786748 -0.3967397   0.91610532  0.26073717]\n",
      " [-0.85748429  0.45017588  0.24912321  0.06433928]\n",
      " [ 0.          0.          0.          1.        ]]\n",
      "83\n",
      "Transformation is (84):\n",
      "[[-0.52710159 -0.78775926 -0.31874639 -0.09902547]\n",
      " [ 0.03049403 -0.39237487  0.91929977  0.26190174]\n",
      " [-0.84925499  0.47484451  0.23084337  0.06015271]\n",
      " [ 0.          0.          0.          1.        ]]\n",
      "84\n",
      "Transformation is (85):\n",
      "[[-0.4912854  -0.81626268 -0.30389783 -0.09211449]\n",
      " [ 0.03847159 -0.36890299  0.92867137  0.26469637]\n",
      " [-0.8701486   0.44455126  0.21263958  0.05687735]\n",
      " [ 0.          0.          0.          1.        ]]\n",
      "85\n",
